13647
4117
9620
24740
10931
16311
14660
46136
20800
15389
34620
15281
40695
15190
45015
24362
27680
35108
572
17685
3470
7407
14571
18405
42871
49353
42841
2650
11921
14724
15301
8718
33353
41664
13320
13680
12907
49990
45758
655
2510
20557
26973
30836
40756
27363
36490
3374
12458
17690
16502
10894
38840
39453
32967
20029
12836
37850
46742
30058
7177
2985
3982
1379
21813
27430
19846
31843
457
24960
43788
8803
42010
10140
34517
13284
42619
41447
23593
25253
43025
38839
18750
33196
27109
4391
7966
37378
2047
10828
11907
42862
4610
11686
31465
1383
26999
42324
500
24322
18722
28631
5095
16941
9296
13815
44804
27724
6757
33392
40153
19634
1523
36107
34821
47910
14007
45343
1480
35481
35261
5569
15854
6076
2236
17240
28620
46861
15536
44878
13868
8462
38114
40289
37655
49706
33333
23597
23961
26863
15130
31130
26315
7619
30633
36536
13667
7054
1566
16519
34649
44016
4190
31199
18230
13374
17837
35435
33655
10866
5979
25854
39708
44440
36706
8598
48620
21663
23590
23977
11941
38493
38691
43414
17718
10799
30061
16835
44778
1273
41133
32564
23489
1894
20255
10977
14438
24403
39851
249
14791
32598
4588
20052
4399
35720
23922
46317
40419
40915
3188
47599
18447
45460
756
6953
39512
49923
35930
12079
46689
5882
34360
2595
9782
47205
46152
4316
49021
15993
18942
10285
48898
18541
6157
16798
8992
18261
2033
21743
6746
29421
26501
41383
15114
8394
14319
21837
42245
31630
25161
1839
36564
49379
6806
43830
3243
349
7080
18251
36329
8980
46078
28032
42072
28146
49138
24131
34219
27502
22671
40772
20482
5058
12843
5215
40822
41654
19159
18688
25292
7186
44839
28181
47553
47435
25605
42924
25907
32037
38344
30127
16778
48473
44965
31274
35319
42151
4433
46906
31732
35170
45588
43544
47785
4614
46965
120
28195
3493
33706
49204
8580
37773
43467
43960
12980
26276
11178
26140
29866
33356
20911
20485
26320
27840
5206
38413
34365
19355
21936
15364
17762
41758
47014
3791
17906
30641
12654
35723
31999
31895
39430
36381
30195
19614
44576
21232
31349
42808
30434
6724
1708
17167
10703
29490
14349
26
44782
24611
34179
18028
43508
26743
3801
26004
12404
3057
13534
14423
27744
9093
41526
27901
22588
30338
32848
35049
20043
39654
44211
44882
40204
47695
1770
3541
47226
34293
41009
8302
6798
45525
45865
43886
25392
45965
22821
40283
22721
48834
19379
29152
27877
37380
23904
31902
2045
14004
19188
43428
324
21951
31270
27531
37298
33635
28362
21365
4449
4948
39421
11666
44414
15550
4243
44988
27666
18848
29105
5014
36967
27868
12553
19376
28275
2789
1127
2280
43679
27461
42012
11158
22035
24253
26228
23881
48493
33396
35030
25622
45738
25316
20375
44968
28719
48347
29379
10680
5324
41380
33761
5828
21610
22247
6449
1863
1681
3633
42673
30007
19286
20230
43738
8889
40802
12560
2366
23972
25056
44490
26532
45668
39870
26653
48560
19463
6218
30905
37221
18815
14353
27290
30884
38217
11654
30717
41142
46565
25287
49958
16709
42535
21282
8955
12130
20726
40655
23518
27024
38388
20513
34215
28733
5438
45360
2369
46637
38296
26581
14056
46568
37074
3149
6668
40785
15675
20992
19515
8101
24979
47815
25164
32611
17622
17091
29262
916
26181
9572
12036
37295
22604
14984
38598
31591
18767
43268
26603
46588
15260
18928
30944
18964
7974
11479
33516
16797
8435
27235
19628
5236
2730
21731
48658
506
9090
47543
9085
11141
34552
26746
45941
9930
43351
15172
18279
31500
34733
33817
41787
32860
9708
29315
39771
25733
48681
14965
42607
25416
10679
18654
10840
37089
23535
5011
36819
47633
32587
45462
20949
10241
31371
35816
27785
31929
45149
26570
8811
336
29691
27113
16371
31284
14136
664
3276
14078
9458
40689
30240
47
38050
18948
22295
14350
4140
43
33954
33917
49344
41879
14657
28553
36595
28671
3933
3769
20630
49434
17504
38478
12970
10419
2984
5015
11204
13586
23980
5560
8032
44945
45678
15085
42784
5338
30920
13634
29241
8700
17230
22875
35127
3318
25610
47522
10637
41048
15907
1181
22174
25720
46490
4542
20120
48424
11608
43781
43110
23436
24026
21017
29145
31788
47423
46757
39243
32745
38012
40444
9858
23875
42346
7574
44496
32372
20338
25779
40189
8736
31980
19282
43263
47264
16157
29266
30246
27491
32519
38948
39195
22611
4318
7993
46135
6320
40269
5863
22281
41306
12776
36925
9766
18918
13087
16923
47296
10590
45396
48852
20243
12212
20499
30164
31089
34495
10567
2021
44668
29377
1465
39613
16927
33109
40363
36739
41553
4165
31863
49122
5480
22349
8121
10859
18980
40393
44295
15823
17414
6948
47649
35390
4698
40559
29936
7121
6876
46336
5425
7539
49818
950
9046
11463
35898
46702
6427
3872
2812
27999
43097
41503
8308
48617
256
12624
5421
15604
47428
42909
31717
11969
38661
37727
46982
22867
197
18000
16098
3468
43543
46077
19045
31354
16697
29863
40287
12930
26679
3756
5291
12386
47738
22129
6282
25805
13962
45998
28654
30147
25200
47148
47175
29449
24596
31661
19485
4973
42002
6646
41318
8559
34399
2769
1071
11152
36990
34508
37319
7669
7050
328
27131
17338
5013
40050
6696
35237
43809
4495
5071
11984
27473
40790
40883
39845
35161
16155
9862
17431
21747
39515
42866
15063
7063
25886
31729
15259
36203
11325
3076
5789
43902
19297
29846
13863
6923
40654
2190
28712
44515
37386
43693
48399
3642
37838
26730
9568
6506
32391
41631
11668
18775
31696
5615
33973
5728
22082
29480
47709
11803
17582
47424
26428
33111
7818
27227
17512
47192
34700
49197
2830
1377
39413
15207
33092
27406
48702
34320
42220
1166
27544
45540
15935
31875
47612
9781
31440
42972
18396
48397
49940
17862
6169
8298
10120
36472
38660
1450
33640
33660
3267
34803
47238
3531
25128
10589
2523
28320
2068
23659
18870
2810
17790
30856
1182
23303
37429
46410
18659
5846
14057
42230
9449
4014
11246
9276
20336
35218
5556
5409
49737
46984
49625
32086
22857
6278
28759
39491
18931
12552
47115
39782
5440
41461
20976
34642
22640
11053
23300
21775
34838
32309
5152
21927
47920
634
32239
14085
39280
41267
35911
10946
7890
9101
6337
4195
42579
10707
26426
43768
1106
18935
35077
14476
16936
5127
5903
22030
34805
3221
26005
19135
38370
35016
32492
31450
3283
18716
42902
3174
32927
11946
45466
14351
48491
34572
26508
14320
36093
26392
4446
38789
23332
20418
47024
26272
25683
37995
46603
44678
650
34141
48231
43625
20790
7986
44910
31851
30720
3192
28665
6361
15562
40440
32005
3549
46997
43505
41588
43511
42376
23704
11623
21541
13591
39458
26540
24106
41822
17416
16801
33368
37434
29886
20461
35945
37116
23167
34460
8180
6547
27821
48003
3649
961
9623
34029
24772
10830
41860
22175
12664
20181
6643
6943
2757
39502
32583
12718
6707
37614
30967
27520
20062
43740
27698
20065
41023
11637
9763
46387
30657
45132
30791
1476
1400
14864
2335
6513
35778
16213
47727
37834
43277
1613
47926
2235
12496
26118
29378
46469
45524
31297
46645
8246
26013
28163
35536
14879
26965
14148
25454
27884
41874
42723
19534
32754
30170
25693
7693
37232
29485
19152
33838
48509
32440
17025
27492
2501
38844
29419
22263
228
20390
36791
35196
47066
49790
23780
28561
25354
31259
8638
13578
1351
41589
4012
25315
20481
2497
36141
46664
14195
30965
48196
19670
8227
46994
34674
5117
40878
18568
21999
11451
34681
28567
4545
42636
106
10429
13466
31075
28068
47939
47918
30336
32493
516
24666
49470
15752
11849
46724
3365
21537
14783
22353
48497
22101
47210
12058
10612
14035
43080
10368
47901
30806
44698
43684
48436
28286
46192
7283
42842
40566
3772
3460
41425
2661
9722
19364
23793
11427
18595
40780
19233
37349
21922
24430
6288
21022
12529
6853
7085
26203
43142
33357
25554
38541
4980
29967
42113
30430
28153
1277
20305
36053
35515
19257
33518
22191
20408
29164
43516
40063
44294
4921
40476
12869
39798
37621
20392
38991
17907
49937
38226
37964
27297
29894
20321
8802
40151
31324
44497
16648
39410
48132
3973
35048
23527
48184
24624
45956
1070
7774
29956
42649
24043
30824
40254
49136
25293
43021
26285
11134
21830
14919
13038
12712
48215
16637
8703
2686
35568
23133
13827
3339
2878
19489
7777
10011
4186
16286
38719
11027
5561
41171
1580
23207
14527
10511
29036
9137
13661
38739
49597
35287
28202
21563
6152
12047
48644
48878
6554
14554
7265
21106
25370
46544
14788
30577
6070
28958
26410
2422
23484
30253
23706
36782
25598
29904
41249
42553
42997
16256
26123
36840
8857
23051
4397
521
8985
28042
36041
48849
6326
21581
39514
3848
14194
5672
22777
15167
391
26515
26157
43117
22902
44950
10949
33296
857
39545
35335
33804
9196
35833
48157
43289
23343
30893
38044
42621
30608
47466
47160
27569
44703
34590
7730
13020
12097
22461
39156
47017
37383
2888
33159
20171
29198
17992
22591
2941
5908
2427
49557
32744
20654
26061
856
7213
14718
34857
48945
26068
30906
35428
33960
26059
28942
3347
16133
39659
15738
10528
10990
22344
14587
45913
44652
12008
26258
37824
46290
9305
20207
36713
22089
3694
37741
32820
4877
1075
20117
46655
39808
45458
40266
45059
351
45040
10271
34869
49537
11878
9582
11107
21306
36420
10251
33856
29708
39815
12338
25930
7007
26845
34076
5100
46749
42180
21669
32079
45868
11444
28337
37401
15430
29401
35644
8397
11327
363
17252
43062
45785
13891
4707
45797
38718
44727
34831
5404
12467
33781
6201
25269
25341
46047
9015
37700
36596
6525
21889
22896
15038
35518
48575
10762
35745
34077
31987
35432
38830
43172
24355
31157
15758
13895
17192
27479
8625
30315
17213
12777
45912
7858
12009
46507
9814
49157
42830
19025
48303
22422
29954
6303
41078
17375
27778
11780
15836
45849
23235
7294
49486
28696
20627
33835
45585
49908
4552
48071
14705
1130
13875
39113
34816
30184
14116
30177
30546
37014
26127
21121
46690
44973
183
27803
45007
6645
48519
19456
40076
34090
5064
24212
31110
25585
25262
32152
14160
45327
29474
41971
46636
8210
29289
36102
41200
42100
37406
47127
35623
35208
48047
13274
21081
32964
35310
48496
18130
18625
2424
17366
43141
32553
23010
14101
37220
21510
49520
30538
16073
26782
17208
32444
20341
20908
39495
2883
22500
21125
39447
10174
12237
6928
8490
1030
4933
34089
13278
44873
22055
20010
46629
16963
30567
13302
13832
19148
3424
19891
45653
28423
38893
21564
10365
35617
12655
30310
3187
42279
26583
11313
30996
47456
8365
6315
4476
9724
13677
15169
10131
15313
34342
18140
10761
10744
10811
37277
1157
48374
39850
36698
13310
3008
41946
42174
31224
8823
48448
37598
39311
35842
34786
3208
13567
11104
47948
25539
31320
37187
8086
18166
38489
35757
18400
23392
22806
19139
41867
5048
44528
24638
7149
42033
13358
29227
24977
18046
21387
34260
28506
2465
649
12242
43540
30226
19277
17426
712
39330
40970
11573
23251
28080
32532
20278
7437
20503
16882
23165
21160
1038
36922
34712
970
37341
2379
24296
33652
17652
22906
28167
30797
36684
37512
28527
43797
24734
4594
142
25484
4924
16706
18066
28178
13604
24887
41122
46198
20159
36979
35245
17317
42146
17447
39494
38556
29767
31558
49570
29166
23304
3422
48160
28475
40351
37474
23108
20460
39013
26445
10470
39776
15204
49802
10281
12908
3417
43643
13451
26367
528
34178
33089
22331
4828
44062
45220
12889
16240
47094
36995
14563
14964
44433
11304
37703
3005
2834
4578
14141
45019
47350
34732
24338
662
39637
38300
40374
8589
25569
45567
1907
8960
20063
7100
13522
47876
12831
16276
19818
27517
33016
41246
36835
37494
39182
10475
49078
36388
40620
9983
33882
16044
33562
20381
14
407
26496
36721
45812
23717
3878
13565
44155
46731
18222
19169
10236
30374
39045
38582
33370
24756
7328
34982
40574
43296
42317
35661
36601
38340
30100
13002
15694
4951
818
29388
13420
11655
24045
44917
15217
44320
22285
17912
25381
16285
32389
10448
314
36964
38800
48729
3577
27035
34588
39316
1337
30275
14709
8467
33849
7689
18092
9800
2185
11093
32368
15439
27765
45535
4750
37118
14578
43595
33867
10392
31223
48480
36049
38879
28378
16182
20651
23639
3295
41040
48750
8300
7615
42674
35832
47893
24442
18292
1312
18743
4705
46303
18097
26192
20621
3196
41288
6450
1467
17114
9475
44212
21671
23171
13686
11664
7749
41672
17441
3510
32683
34176
703
21253
10648
21366
27585
32138
13770
25237
28786
29986
6338
2575
7160
3020
19330
16787
8312
47097
40122
45379
17256
21629
4876
38669
43265
32723
23739
25369
4524
31488
17266
5446
5677
25402
3731
12857
48796
33822
19646
47138
37796
33241
48742
33429
47396
15024
21494
1451
27015
6921
20522
46405
7885
35085
30961
13897
21582
46147
49718
12546
18721
34088
37974
27049
47180
22256
32625
37024
33268
47889
16832
28384
18377
6296
33073
14233
25797
17502
30437
3963
33861
21819
45162
32130
26358
33744
45157
1459
12976
18278
24311
37264
19177
22072
30398
11164
14614
47053
34275
46288
5041
32384
36514
31872
40871
23461
49671
21036
7184
8122
47214
10322
41538
47848
17115
40656
48487
8360
7423
33615
8155
44913
36767
47382
34262
17063
26019
35693
30782
14257
32502
5496
37164
48389
6115
40949
37147
7638
33581
43171
39553
8063
14510
24068
23684
36685
24792
24968
29353
7349
28663
20130
13058
41135
35143
44053
25541
6300
1599
32693
46365
23966
1910
3431
26928
27193
21887
34281
4129
18476
29730
36429
8134
31309
3089
18021
48257
39558
25239
1217
48500
42870
4183
2360
22561
43200
40526
33905
2201
13306
14234
11748
16932
13305
5751
7528
46831
1443
38176
18041
29048
30114
29154
22757
19620
35494
20563
485
108
32547
34136
30367
46328
20174
42905
3682
19811
10872
30729
24135
8002
46366
26625
38934
28248
16125
4121
27523
1170
19441
25
39680
8594
40301
11460
1349
40916
34197
9066
20984
24084
26688
39792
392
18531
10818
9346
30103
29972
22396
45208
38178
43084
11671
22837
34330
42637
22656
31634
40543
33161
48005
15151
24936
41365
605
43145
3060
3121
43306
9200
22248
49156
44959
35630
25772
28825
9197
28243
38574
16505
21719
41748
45908
12682
48409
36136
9076
21190
17865
4530
19762
30731
31367
25178
29354
47795
21904
37318
35342
48826
22684
29203
9654
13289
6577
44382
11094
24826
23408
2112
30710
44579
24193
39227
38272
12370
35413
35397
10481
5817
39925
19496
4414
48784
48271
45013
46096
26875
23806
31579
26561
25055
48377
3397
3
28397
36693
6938
39096
44561
26177
29305
15077
32432
829
31900
2656
49185
47347
27216
20877
18747
22629
1295
26374
57
19401
22715
11340
20364
43312
18638
6878
37569
28605
32911
4619
35282
9181
28552
40121
302
22971
29124
550
45519
10617
45590
104
1927
9354
13173
26831
38204
33818
35486
46397
15019
45286
38896
35012
46190
23271
11172
21261
48107
25328
15331
11411
30260
41965
25255
43048
17402
16586
42966
48166
15324
1965
48208
15755
3305
45330
49583
36847
9277
19452
10948
32007
28884
6523
42161
8759
48464
21662
20180
45548
26000
41393
17501
29694
20163
17757
36658
43272
23601
27065
28317
25802
4020
12403
17180
49503
38430
7973
22955
9325
37315
14072
880
5227
27844
35533
27377
48373
26841
41217
17436
4017
11934
47059
21930
44705
23499
21958
17496
22957
39026
43476
4372
8367
28172
25424
4213
17046
36939
29517
14714
2363
10267
26379
17277
14342
24655
40069
45240
6638
3237
40311
32526
9693
19790
1455
28955
35597
27206
19788
27869
23759
32193
39365
41104
13750
30242
10109
3721
49654
48059
35925
5086
21808
25017
5904
16650
21359
260
1000
33795
46551
25160
24372
46954
143
3958
5521
9036
49310
5346
34406
27389
36407
16364
17999
11568
19908
22758
37194
27933
37240
10734
26727
20680
11705
31539
11627
9826
4519
776
14656
10757
31467
10414
37927
47311
4581
28979
32893
24095
21084
45612
9681
32373
4124
3362
11851
18195
40982
29637
5885
48221
4517
31991
48081
8268
47490
400
41038
45838
31091
8036
40608
6238
43522
6347
37239
45603
37281
19298
7467
19209
15715
3306
47523
12076
31187
47232
36287
49101
21400
44023
23751
6464
31182
12432
41957
34937
10247
42168
19761
8168
39734
18858
47980
48706
36973
13226
28538
5849
2400
44476
17359
16325
5942
28156
14748
37171
27133
7869
3273
18770
19173
18896
34036
12170
10256
23620
30634
42304
45487
18255
10565
46703
21613
8934
20953
38753
19130
95
32908
40370
36600
33727
5148
13245
23801
42282
30767
46660
40591
7471
16825
45014
36237
34277
36550
38915
28945
30241
12874
24452
25171
15671
13883
29038
31697
16820
24996
11461
8026
17013
33166
43658
46864
11176
8626
33783
21776
26956
5900
9889
18525
16869
31264
29629
37246
6886
7241
25969
4695
10597
8225
321
31443
41254
10957
22079
3752
13725
32649
45855
43911
44084
39270
37296
43858
41663
2968
7883
22087
29418
9304
39573
16378
14169
14356
17869
22417
5805
22765
16965
47525
21266
1968
31129
6664
8529
18429
2242
21151
39438
23665
42378
40906
19451
9990
28907
16198
28519
46172
17341
1497
43238
27650
12121
20391
37108
5607
6719
33154
20805
20352
36148
12269
12609
6797
29868
29699
6680
20488
49346
2898
48028
42176
31453
43363
32320
25086
42314
31655
15483
34478
37234
37040
23835
2889
46745
49276
18616
6637
34539
46296
16739
49189
45366
5136
47950
44562
16412
29232
44304
11820
19412
4050
23026
23909
47289
1425
21876
20074
38257
18777
21717
5099
42641
31763
23362
8244
4793
15647
40279
18691
46952
23291
26213
23443
42251
24932
3040
28395
19147
3764
21861
23200
11600
47790
25085
41739
20756
21709
20402
2100
33933
38590
31778
42881
34887
9920
28975
11603
42524
40622
16964
44967
46946
5035
42617
15800
19979
27741
13481
8865
15252
13837
45974
44855
15246
1875
23871
41760
37342
49119
35074
17889
37072
20619
1781
12070
13550
18624
38293
3234
885
25312
30231
8648
27185
32038
13579
22932
44248
14740
17478
29704
2231
42142
36512
36470
23571
32427
44399
18698
34824
6373
4965
3719
17586
26230
48383
3139
29370
10624
10935
44121
892
7541
39435
7936
16770
28921
20051
35946
20873
49777
32478
6720
39037
5974
23382
28253
1437
35491
24788
38525
41587
18299
6499
4756
6986
36070
31474
10728
47730
40631
43409
4671
7634
29739
33810
44346
47964
46453
42351
24897
17273
4727
31063
9271
23023
32395
1714
16176
27253
19436
46799
23028
16737
13944
49720
20376
26439
43808
5916
34675
8780
45683
6349
13894
11019
20856
24884
16387
16953
13009
45685
44405
36373
9105
10967
39750
7193
43274
2970
44096
43176
14951
20141
19015
38703
28019
27425
47462
13758
35872
24962
21735
40677
28562
36183
20348
37649
38837
14508
49660
12372
12358
40040
41499
8082
17250
25636
47057
519
23619
13348
30238
30357
14986
12533
28789
20974
14480
16733
47803
16300
8
29809
18219
31770
3015
48827
25022
30054
36413
26858
33827
36080
4402
1625
15826
13034
18809
3726
25972
4320
17747
16337
19019
16075
15043
568
36465
18558
23385
35571
31024
19113
45828
33447
22889
42200
11906
49000
39657
21455
19910
22537
47194
16374
2248
49766
40671
14395
24085
40545
19258
4462
48959
38378
47309
22909
7600
17905
33029
31968
19134
17347
34209
4714
39864
45565
10984
48220
1848
10862
38175
44513
48580
32431
37586
19837
33631
45016
14106
38095
34228
32757
34403
36066
601
40330
5131
46697
11347
30619
10883
24874
48103
24078
24400
23803
20653
17138
11899
36644
26355
35492
22696
33442
4580
6056
1257
3277
44599
38889
47804
7927
47237
23876
29500
39056
9115
23182
20956
13603
44731
32995
2514
44785
48092
28009
15153
10717
36850
708
25276
41194
28269
29253
5302
12690
39978
20217
46517
7860
3502
30457
12163
35756
22929
14470
13902
6747
35124
21166
8105
764
34687
33017
5343
45107
18902
10331
10208
13919
14945
24191
14098
24288
8214
35810
1242
49957
40816
40815
38492
5620
16283
12917
30676
27120
25865
23203
44231
39830
44407
26130
25201
20541
4934
21420
26817
21069
41805
28618
17323
10716
22155
29016
39732
39941
10177
43996
31051
36121
8342
45297
6000
45270
38674
26893
47352
12431
44026
7767
47502
47913
30481
7813
34655
2449
21639
18486
34145
14647
48724
44046
30794
3896
40490
35962
46210
9226
5707
19847
5384
27460
46966
20789
32264
42789
30188
48976
42517
2870
43357
33742
21532
1835
7850
10097
18323
40912
25650
8395
22272
38431
16335
2472
39910
16669
40410
48463
3410
38255
26034
36270
12365
16093
4232
327
16550
37931
24293
20095
33452
6030
10532
910
41354
39091
11200
11818
12722
12343
1680
16354
11182
31292
30973
34163
22395
10509
24934
1570
46239
29617
30807
11003
3116
2350
21006
38096
39059
42268
48835
15241
9646
4436
25350
9082
10668
34506
8010
17482
19117
36266
40195
20241
6590
41692
983
48366
23417
20169
19663
41407
38088
32261
37462
19193
21444
24202
41554
43581
35957
13619
1388
26914
25670
26116
42628
48773
2626
11263
23808
31461
26593
32898
39144
22347
15727
11087
43870
49065
12809
22283
22583
36920
43319
536
48579
38482
26816
31564
28274
47617
49591
46354
17781
33775
13977
12580
21614
6570
4506
19
28301
33837
40475
15052
24696
37057
20967
12261
40424
29851
3206
22612
10252
41161
36629
36475
27249
35660
8730
13904
16783
4148
17442
40425
33696
5594
20493
20397
11319
35794
30734
33236
31150
13142
9423
15769
13396
762
45759
20897
5123
38738
49038
24406
25819
22983
3129
17732
4802
10070
10670
38931
20340
28114
48618
39650
47807
36406
10958
18455
23815
17408
25780
37743
9393
48718
36021
17634
44603
8687
35763
1804
6460
13272
19260
15140
28130
41618
44605
49472
24605
37242
43338
1309
33979
26176
36935
11853
23202
36916
48699
47342
14687
5661
20703
18545
20122
17420
14648
16015
49457
41932
14611
4652
29008
15332
7685
47212
38302
14971
42848
3001
48334
16039
27072
17959
47958
26080
3232
8593
29225
10411
10277
8708
6108
19919
37571
971
14103
37436
24367
10887
46374
41404
20132
38838
44622
42516
5513
26495
39306
44546
4733
16408
46566
20535
6619
17148
15453
17804
21652
45702
38670
35391
1554
3514
5362
36207
14215
24305
47453
49670
9309
46951
29304
49128
14201
10472
22457
34822
21460
23747
32122
9430
10278
12513
5981
46011
32412
8887
7185
33172
26198
6393
32580
6178
4993
42778
43255
39066
12005
157
7736
23701
21696
32585
36686
35678
9767
12189
31812
41995
25511
10800
12839
4445
23272
45448
25110
2391
8350
34728
47200
24309
22120
26364
13860
42316
41158
32912
13811
43689
47842
25778
48536
13810
46865
3722
39493
49841
45880
23498
22563
12402
860
21822
36542
25869
20365
32965
15513
9199
3945
34223
2657
24379
15429
549
46341
34368
45055
7218
4808
29861
13805
21774
5996
2423
24109
43683
20331
22924
47760
49347
14460
40184
20099
19931
19334
28586
22376
28813
10796
14878
19632
13351
4937
18289
4244
33099
32777
17378
43931
35789
20689
5619
34631
11180
48343
18286
6730
28294
15193
37988
42382
30250
31398
45044
16581
33784
7913
1872
3686
25148
32353
13857
1869
5837
38769
41359
2082
13453
44542
23970
42627
27607
22080
16879
10960
38881
11976
1237
4408
342
39003
45465
39419
17102
47333
5656
33343
15004
47379
36724
44286
31208
42996
44429
26647
39334
31625
20547
1248
23886
11225
45022
6813
49283
27047
39150
48346
29175
17311
5530
1697
13455
30190
1761
25587
1152
23749
30400
42456
13678
46184
48727
24929
44034
39177
31535
45096
47994
40670
18564
7170
5449
15006
20686
20246
27373
3228
20218
40967
37883
36383
31499
19047
5832
17081
23515
40805
23158
44333
13000
16888
36125
8696
49851
15084
18879
15943
28216
26154
9048
2131
5146
40045
45743
24995
4375
29181
33441
29481
39724
45839
38053
49959
26397
12096
21243
31399
46153
28171
23127
36181
1104
12300
30682
14444
7067
34583
16254
47363
49329
14746
2794
6193
44658
45299
37297
25924
14413
31990
3926
33862
19223
16069
5412
2098
6249
8925
12692
14756
7109
4216
23949
40456
37370
199
3308
15538
132
44853
21909
36254
12949
19598
38132
11043
20707
35836
8295
44218
23553
43863
14496
22890
36649
34595
24038
32011
5224
41889
43426
33314
25949
34617
17394
25800
23204
13318
2023
40632
45831
43383
17200
41873
38035
19564
40065
5332
41681
7742
33888
45192
1886
14370
13393
4865
5950
2331
22550
35865
20367
37698
20511
5574
31245
18981
22024
26056
4849
39024
31161
28868
16476
17014
3773
21082
32573
37787
47429
24890
35212
7739
12704
16442
18589
16184
25612
14355
23853
7961
41755
5488
29200
6870
9445
29798
3224
32214
14114
45259
16549
48410
41446
33492
12505
21521
32119
32358
29676
36168
14010
37500
37128
13882
16852
27393
11150
6407
7071
46584
9659
28900
7686
1612
30882
27364
20915
41272
10870
36810
27469
6160
13168
4384
29020
13577
39866
8945
29172
2275
21888
14389
49416
19850
12622
17817
45359
7485
37524
38149
18389
29006
4762
37439
45159
13847
39063
7579
39432
10423
44371
32311
18852
20533
47821
45174
35722
31456
37814
48893
34921
35669
3844
3115
40051
26970
19959
28940
8994
42153
34123
27048
25891
41187
3343
49633
22019
6105
36971
1704
19683
8291
10980
18844
40951
42433
20490
33622
48462
41264
3845
9644
33326
13903
33661
6335
14483
44954
48153
8145
473
45419
31907
30773
31303
19051
35222
44365
49040
49779
6243
25090
3184
20576
17154
39689
21599
27759
39604
31925
39126
14635
40629
10499
472
28583
35289
32786
12309
49575
12695
22025
14655
36293
16968
48126
14302
23841
12902
11297
45953
27683
20962
29709
48664
44754
15610
24742
25544
22320
36940
25219
4744
10119
47868
23121
25172
14893
4693
44485
29059
787
8845
12981
21024
30645
48777
46295
27619
37382
21549
42011
24536
29599
4822
28426
17820
9940
7278
28162
8146
13381
16703
29623
10855
49110
31977
28566
39946
33036
34239
31192
14995
39898
44225
18019
24945
45011
9687
2493
33924
31359
2429
18847
19655
3680
17644
4686
16187
34531
49741
15470
40072
1043
11472
26477
25438
44817
7938
20111
35373
31810
22963
17183
31132
44701
9733
11433
28981
29084
38526
16602
30102
18799
16449
48167
32290
39517
3570
38258
1608
9069
43016
6246
26786
24942
13540
21678
32504
40600
27939
20189
37797
13559
14642
22059
2451
44928
45820
48921
38426
12878
41560
38906
49150
18234
48511
4468
11824
10069
11549
29237
17120
44564
14619
39685
1573
9345
24635
48818
38183
10058
38168
7817
43493
34341
21310
19944
10543
24027
34408
45201
3564
2957
40004
16090
25707
44013
12804
32650
13507
22659
37068
45958
37954
36952
19734
43507
5724
44354
7046
25001
36032
5490
30524
9097
29277
39801
14852
1812
15971
43252
6396
27240
6374
27028
27031
20044
23314
14344
46983
9589
25609
11957
35840
31160
19583
47222
44098
16745
18734
45881
22071
34784
42289
12289
45549
26493
17645
33342
11971
5005
14016
41374
28517
10936
46820
45753
28922
30941
37286
31599
28682
20928
43866
28576
48260
2499
11346
44573
35567
14592
20114
45619
4122
18712
15712
26616
41898
48630
24563
41346
33743
2348
38868
34935
5313
3620
3140
46856
25932
37308
15751
4431
32364
27198
12510
7874
33354
13932
24159
19990
25336
22448
12169
25827
44582
35552
11848
38412
39120
6182
8527
21781
20639
42414
44722
8351
24906
17228
22603
3097
4748
32762
32165
21948
12705
17147
45093
25866
48390
39289
15030
5456
24679
39781
8707
28194
32970
41962
1284
17469
4082
21527
28140
19897
40366
6612
17870
44176
12729
9435
27742
6973
8940
14569
42124
15192
16072
15056
32059
16930
823
40079
23677
20177
27095
46231
16736
801
425
31876
39663
18290
15465
47273
26872
43350
4929
40961
2517
48039
48331
27258
23849
18643
40185
1184
35479
44187
11061
24425
33167
47319
24072
29396
25877
1937
11876
43686
40187
38785
20184
9560
6605
40893
40834
13433
46947
38863
18995
32957
38713
23284
4271
39752
27269
4971
7943
49009
22061
41765
19425
11566
7457
44065
43024
2809
48189
13007
28905
2969
42430
9590
21409
714
36833
7759
8177
23878
12852
32145
25030
11678
42399
11193
40697
25801
13423
1744
32510
30656
39114
5044
37357
37521
21262
14671
35406
24247
1589
44683
31707
27368
43722
48690
27942
28524
1259
7707
27435
35061
40315
44454
16380
34078
37767
48484
7376
36077
34813
19497
11526
31981
20661
33258
19527
14497
21478
48790
18798
44201
5664
47323
32485
9664
3142
9950
35931
15583
34809
8990
6968
28391
24242
21371
35404
34764
1378
44351
14522
37083
32781
22759
29260
47710
7601
9132
22138
48973
28687
24931
8712
43949
835
45364
10437
10100
30945
37543
21905
18965
2358
47829
8550
31252
31417
45706
18328
6575
25867
13308
24601
36762
14027
33694
44592
4202
44343
6447
7161
20909
39856
22969
15928
27124
11676
23769
45340
16178
5883
38222
12884
6308
46175
18977
628
49154
46776
34323
13523
4907
47468
27147
39797
29382
9563
15057
15438
21812
28414
35805
28512
3141
42599
46662
41493
36428
34947
9833
7030
47117
47908
32325
42453
9844
47798
5536
7047
8061
21844
32605
23383
36350
27488
9005
42528
5696
46094
11834
35801
49590
9227
17379
49579
30467
3673
20957
36949
39723
41775
48955
21737
27446
41414
49690
10268
21328
48929
12075
15737
26716
7701
16206
15685
25656
4983
21512
23366
34591
34420
35476
14545
4536
5629
12299
9358
12597
35981
7660
4734
29858
28460
49092
37809
23187
8804
18757
1442
27333
2244
17915
15665
32276
5576
31585
41113
25013
28823
47758
8743
14728
3272
23570
46974
39454
35940
26998
27054
17357
30258
37779
10385
2354
26448
44105
26122
41940
12447
15358
34981
8674
38032
16710
6899
27897
22437
5761
40640
40067
3304
7825
40230
31651
35020
41434
24105
32262
23250
14394
36318
1252
3670
11794
43705
11223
24617
37979
3792
14646
45556
22540
24866
34544
40876
15689
24800
17744
12023
3419
17400
15571
26371
37565
12919
7733
4551
38581
5
14583
17521
39431
22271
13186
44099
21220
26676
20405
20334
38635
47929
28571
8526
11892
45068
43379
8213
3529
38019
8077
2357
30446
36921
39609
26409
32230
5234
38364
25956
23882
34905
24140
4024
19009
30595
44493
26427
22346
1028
12209
12600
33591
34685
21554
8443
30792
16947
18515
39634
38059
25254
19686
25971
28683
28588
21505
10687
29791
9830
43647
26207
47448
40845
4191
15869
46260
25256
8297
33671
44113
13563
32566
31869
25405
29654
3103
769
41098
42367
33141
21381
8157
35759
18710
14240
44277
7694
40597
2307
7882
27169
34769
11291
27503
6132
28497
6694
39817
38622
11729
30556
4562
25458
4819
5063
39618
13464
15373
30511
17972
42677
49691
46427
39932
27687
19996
45631
18216
40161
42360
34120
48427
21600
6495
4612
35684
48551
43125
21886
16467
36559
1777
19747
41592
3550
10599
49366
36315
5948
877
46282
7787
36753
38712
19407
28531
38436
26550
48549
13639
25915
22097
957
35796
28078
36284
35676
29334
40693
29788
15639
10594
23243
36460
10447
19802
29957
44319
20248
34673
30122
39673
5311
1636
43258
8603
14494
3826
41366
22432
17828
41608
19645
35416
13360
14020
10243
43160
27038
8223
45559
49099
4255
45955
2597
13090
27127
