4564
26216
42414
15573
27666
16664
18462
6357
40150
21770
41574
49905
38140
45782
39102
41644
8230
34036
12258
16810
35820
41847
11415
41105
14124
19386
19571
29651
5984
31500
38890
22190
10458
2378
32554
21226
32272
6916
38931
42417
6802
47382
16079
49320
29829
22838
21641
23353
12581
33224
3257
33104
7618
34610
20987
14047
12544
24045
25896
35428
45665
41333
4951
26864
4466
18674
28324
11
36185
46469
30267
27832
64
42554
44258
40447
38134
8169
35562
10765
38958
47303
33026
2234
13441
6743
10073
10313
21604
25906
5106
9164
20522
32241
14876
8270
5712
25946
8007
41849
