35640
47103
38839
44149
12119
10305
29661
1720
23370
22738
10793
48212
23740
3272
27307
14750
16175
31442
22391
21290
18124
11264
18575
23538
11497
25932
7683
18522
1030
19957
7737
2129
39164
24998
41626
47437
36898
35743
22931
3659
19730
27138
43533
40210
8685
6064
16238
15549
35609
24024
22830
46552
10477
39402
49913
24800
40484
17616
49835
40796
19454
46172
3064
40208
4408
8834
38481
2993
6606
15253
45967
8848
14483
42350
42459
16165
36714
18694
6336
42013
6705
4951
23716
49085
10256
20037
36146
28202
19049
6598
44356
277
42387
49026
30359
7181
10940
31042
6833
1604
46010
754
20460
18258
13485
37638
37842
32174
37883
33028
45307
18773
37709
33801
12723
36307
39745
15585
5718
32725
22311
27273
20187
32017
1566
11430
10156
17428
15161
41590
6103
43348
1910
14793
2544
43316
16145
15101
35916
48572
26024
19639
7838
15084
43114
8765
17249
44551
48775
22441
49124
47187
4704
11853
42212
46562
7529
37630
49010
19876
4184
25448
23147
15852
14984
1327
11899
8417
26065
14386
37606
37599
26164
28085
48339
3955
32347
41712
25352
44371
7126
19565
45983
47892
21052
28067
27885
25179
10619
12384
45654
24719
474
25420
45634
45847
28977
22615
23467
8964
34861
27049
12263
25553
18388
9608
30910
32845
20818
36173
47962
10698
2314
31419
47676
7297
11607
5432
48232
8970
42690
13099
46009
5094
9463
45801
2465
4583
6210
20488
17244
37962
33349
4657
19774
30921
16147
19
614
42438
30145
33605
7885
6845
19375
19053
3747
32600
36506
43246
39873
17068
12999
14469
37833
5269
46796
17112
33299
36108
16669
151
15960
4475
24878
33332
13409
30703
8524
42084
20657
21967
42667
37298
30995
15785
31695
35147
20411
32283
37126
46626
29001
24905
2102
39778
8036
17997
22037
18741
16061
35969
4944
28354
14151
7741
31123
39909
5069
40403
37687
1007
13445
10666
1136
5951
42617
25252
21038
19410
41086
48124
5122
33932
49284
31867
29826
44179
47999
12701
15510
44510
29686
5215
16185
42196
30996
30862
34873
48543
33383
9324
21696
25437
13191
45562
36986
29145
46473
44691
6675
34683
3140
12228
9734
39324
25645
34676
7171
20422
43644
7482
9206
4207
23071
48703
16511
48310
34511
29181
32116
42201
8253
32212
20757
44971
37620
10316
38976
44870
32584
49043
19270
1535
1926
31331
26322
12160
45231
654
49249
42253
10169
15154
6406
30216
15914
29085
11125
28481
3296
16389
31374
29339
18354
49282
17219
16709
42980
24691
22937
28984
36273
4924
14548
18284
31062
46660
31143
46427
8448
22662
4580
43318
27080
32637
43113
10758
33913
30611
31966
13197
21152
36477
18467
22703
33398
10906
23138
45658
26208
49096
43044
23816
23718
12180
33837
20462
18682
15094
4913
29514
10743
44965
23694
27344
16926
27795
45296
19174
22689
25938
5281
11237
8380
44043
20232
42081
9766
30926
10766
12634
26793
25691
18543
31617
41400
8512
16265
27584
30208
45759
12700
34173
46595
10975
1541
27549
40729
2763
42803
43843
42875
43713
11785
36621
38570
41917
30778
43086
465
15386
15119
11163
49717
46296
15037
40365
27614
20480
48564
24761
9341
29025
35054
37185
46186
21811
1408
1060
47014
22696
8581
5778
14300
38699
17825
14017
3897
43510
49639
29465
49813
40252
40881
18348
48689
4365
1825
22366
5502
40740
25522
41561
12793
46905
48608
9806
2267
23757
44135
29782
42516
43272
10293
36530
27064
38553
43694
44755
28811
29236
3409
43255
42760
34614
41327
6205
19999
39699
9535
12317
23312
48587
17821
44991
12016
49128
3361
18853
32006
15788
12073
47698
46747
6536
33970
44731
37820
36286
19765
38498
30850
15557
18774
41752
19364
18341
27621
8244
26899
19029
5540
31777
26308
25208
19526
14350
11393
44719
6829
36682
9833
47197
43306
39284
32270
19598
42944
47765
44783
16287
20120
29800
35317
19478
26018
44124
22902
539
32559
30852
32445
45244
34793
12881
16255
23181
40854
20162
35666
8376
20522
28231
25200
17009
17281
5367
27778
27729
14383
26987
16758
43535
18137
20014
36670
30887
42007
3515
15700
5708
1837
41298
32560
8234
42522
25775
34704
12370
35007
28053
28259
16583
7892
3781
18687
39209
19981
3323
39137
21947
19294
34957
33500
37625
2053
8088
49076
30895
48033
18333
946
19930
14106
42134
20101
44030
39030
48788
46142
7143
33950
31577
14786
39462
1892
17014
49800
32795
20028
12562
38286
10032
39405
39701
11289
36802
6007
19453
10609
39654
18030
22536
6420
37178
34556
39939
41515
5491
5947
39301
3828
44353
44811
28780
30912
22035
23321
30516
38979
24624
13921
22805
14634
46963
30157
37548
41107
34212
19210
31354
27308
47130
32193
8237
31451
14340
46281
42973
6797
8526
38684
30393
6650
44671
13098
49686
2986
14142
20338
29429
7170
28544
28925
42629
43471
6419
16192
14958
8464
47422
29921
9756
14615
25385
21415
40791
9468
12392
36935
25666
46409
37729
3896
14256
45659
6341
36691
38857
29768
156
35721
49738
29504
24360
21110
2257
832
42828
10396
19279
42979
7272
2922
21343
28351
1040
48655
43215
38573
19152
35113
13433
23984
21012
9598
18133
34343
16525
19331
49270
3920
37335
21626
23913
40794
4014
39952
16402
18369
30911
11135
20680
45165
1034
27051
14004
27523
4095
23324
9184
30672
2651
27813
28090
42002
36595
13623
47166
33083
45534
21675
26014
34994
40366
49450
29827
24224
39685
25977
44084
49199
25029
9465
7696
11623
3027
26137
9992
24157
15847
30849
11132
37719
37230
42375
20070
45291
26449
14602
12404
25784
42947
49244
25640
35372
27148
10726
33228
8262
37343
47176
42060
17230
2128
823
31529
28790
7900
18583
33929
26127
27895
33371
855
19659
40232
14797
20874
24836
21718
17561
7925
14410
9158
32053
14536
1262
39741
38353
20371
45208
9002
15216
42086
12608
25668
36268
33886
27226
16697
12780
25910
10107
49527
3551
38362
22021
30149
7485
39417
21544
34541
49746
40167
41884
40369
29606
13013
11961
13739
9953
30193
46227
3669
2060
44402
4757
30078
14284
21652
13326
5042
6130
4877
16532
41470
10897
31200
16096
30796
36977
15805
18844
11573
10876
10057
31809
6894
25904
41009
14181
6631
17762
21240
1423
20509
5709
7278
12666
46373
16685
32386
27590
33220
36946
4437
34917
18722
43165
966
45311
38771
32735
49874
44376
28199
10608
27669
44528
20139
30381
48763
8481
49157
18129
10346
2712
48031
3557
40221
31597
22233
37071
36872
6347
39986
4724
10140
3120
17573
305
23797
45018
39981
26730
21604
4049
33915
35913
47871
25670
29305
20715
41510
26386
7342
20116
8122
4945
34554
25491
18160
9892
33163
14209
39401
41545
10778
1387
43036
26876
19939
24806
9569
18830
33188
13051
45947
3032
1963
38999
4332
2866
35184
18398
37044
8600
34775
49258
37235
28692
26596
25156
15329
46791
32499
23806
15796
3866
11266
38287
48983
15799
30364
8152
40184
4412
49002
44203
30462
45584
49174
28012
4356
8582
40068
4338
30539
7752
45399
34003
10700
30740
32298
1475
2288
46035
34789
4730
10782
44159
47767
15663
3408
40523
13554
43040
20835
9291
19095
11621
36650
48569
40800
32064
42723
4347
23188
5244
30582
34436
11480
46640
33507
8161
32476
35723
23793
36563
37744
6356
3110
4440
40032
37026
49952
39865
13603
5068
18017
31379
17061
18219
39487
42586
12890
32115
36889
41617
21416
4213
30497
28762
47244
21109
11854
31986
25075
6913
22761
1695
24515
726
29083
3053
45376
40176
2521
49289
20342
41678
46709
44670
8407
1700
37106
7220
46627
3728
11852
38853
35867
4057
35183
26461
7236
17556
46705
1373
1440
40575
45197
26125
270
37170
4003
11238
35456
23135
4370
48548
13194
41085
14943
1242
21477
15390
25011
16396
14879
27318
3389
18025
25400
34717
10045
1287
18557
35100
17567
10088
41916
24981
36877
31671
22002
28564
2549
34645
11615
46746
18014
14160
5435
22636
49910
5291
10101
35588
28198
20935
8163
11398
39710
9265
27945
8940
40614
13862
48399
49872
46671
9149
25076
4270
40340
42428
22936
18346
26326
33735
23969
31783
19439
38110
2196
14885
12809
18379
30024
31317
1317
9085
7059
8116
32412
34048
10091
8110
3817
48970
16108
44890
40859
18356
26824
3113
37115
3495
49019
31882
22599
19891
13307
14702
5546
18429
9487
38276
12479
12185
38172
12673
40048
27204
35194
40907
36251
9758
41525
37558
37996
45475
4899
17580
22260
47037
16942
13954
39533
17359
45587
42916
16902
1815
6879
17681
15060
41269
37257
6204
42769
33693
22640
36086
1482
2654
7476
26998
5266
39661
44979
46608
8416
3244
32187
14837
42041
2554
20840
6807
8868
25131
37717
48037
42031
4183
29703
47620
8307
33785
19404
28189
15174
41562
16258
42542
42175
45073
44560
13535
29843
35997
19840
42229
37923
9722
39912
44206
39198
7290
41608
30317
38900
38923
36417
23577
49821
45456
14963
28145
28580
32338
36564
32306
14302
3258
24663
47684
18013
41320
8102
10503
45704
812
12902
16806
21516
28403
18073
36829
34181
9917
44183
10768
14416
42843
3913
41644
2854
21129
15120
27566
45082
1144
20027
37297
38147
23418
32531
39437
27495
476
34918
1821
44598
22051
42251
44624
27863
30847
29061
11888
1220
6421
12822
44663
35527
37652
26544
47090
43128
14492
18717
13888
21267
44677
18833
40864
20287
48258
40891
34278
45264
17152
49605
1199
31762
29938
20057
46357
10794
13718
24618
9193
2629
48266
14247
43786
18446
34198
13734
25708
42037
4764
7867
1514
9689
29161
41482
1295
29805
11268
49268
10951
44327
42721
849
90
9224
46794
43183
8042
21424
8092
31820
633
14603
30968
39680
30128
21364
35393
5638
38305
47411
38194
3194
44597
22753
40690
47184
37444
10964
10385
33870
21824
6625
49393
37680
29494
11116
29290
28364
47379
16547
41067
46100
43120
16245
41346
15469
38250
3855
37396
1207
45835
19388
15927
35792
17584
43710
45841
15436
5682
33766
32646
39364
32908
331
35650
6425
25685
29633
34773
33236
20306
27122
34323
10317
13867
23814
15334
10981
8813
23104
45337
36106
12133
26448
20401
7356
17123
41336
41540
32151
45545
29534
38310
6075
46440
27612
45432
15411
48565
9469
25976
39181
18599
22737
5940
14817
16218
41868
37376
18125
25673
13776
16722
29219
45630
5480
28625
5175
23068
12393
26150
39438
6772
21975
41921
46132
34508
46985
2631
33096
4343
47536
34698
40834
3678
23001
23742
31533
35557
144
23499
6269
31965
13783
8615
19885
13848
32323
4290
33666
31752
7647
14077
8009
2645
25168
22999
21523
35343
37466
10979
36749
39022
44386
13856
29491
28266
8875
48343
13539
36322
12382
29168
13968
7253
36050
23129
40674
45645
17268
27997
45996
28837
22317
17004
3740
45471
47737
25542
30882
31464
13722
49454
5942
46204
19005
25718
39691
10430
3962
39427
24386
5130
29227
15110
25406
21420
19385
21277
12070
46743
29908
48285
26332
38658
9269
16203
29547
2157
27061
10137
48236
45850
21634
223
26302
24059
41723
2341
35807
45740
29335
41070
8607
21866
2613
39173
19232
23399
73
13237
12305
34719
43051
33723
43884
11378
15242
37206
30225
9022
128
6127
3538
25945
40313
42663
42187
366
17838
33416
9746
34255
17207
30057
45036
34184
23703
16138
32777
28448
17744
35931
38201
38660
3803
18689
19260
30031
41942
974
5259
14321
41566
36075
11188
2452
44532
4414
36254
34636
21011
37691
5692
7761
10473
33689
31682
43946
40250
48143
21692
48628
2657
7942
5714
466
26467
15809
26763
13061
29004
19614
41535
45038
28002
8055
13666
4413
25250
19516
13795
20433
38605
7518
753
8788
45849
5562
34077
23339
3849
31874
44806
19819
5489
29434
16419
12614
32567
32032
49969
22784
45332
13763
42051
26744
4196
12927
39421
30004
13177
28328
46530
48122
3558
14763
20663
44410
42230
10151
46490
35928
19111
20106
5063
15268
7863
21230
43030
26454
48255
43820
6501
11783
32572
21880
25882
34062
10476
647
8870
39813
5736
34822
45343
45664
20026
26279
337
21971
11150
30046
17441
43330
42408
28302
34812
6882
21023
24166
12066
36097
41449
10567
9154
18106
25101
1481
10867
16910
1763
24143
20098
13127
30941
18169
41866
42402
15274
46938
5509
6871
15913
43616
46414
2835
2925
8756
2445
33682
14198
40903
29906
1998
1539
22512
10802
17161
18038
18579
11063
16506
23853
40954
43692
30130
22611
29648
9968
25912
44274
9183
12584
11576
8974
29688
46421
16973
33993
3639
38001
21770
12632
33428
42621
16110
3776
18057
19045
7728
33477
40099
37032
7035
36343
22581
47315
19726
21812
27821
24368
27428
42098
40805
10932
25454
17615
8704
22327
22806
773
10035
15935
30268
1931
14047
17599
13998
11270
11286
1549
36746
32431
852
2165
48604
48559
36794
30802
10484
24907
8932
42263
25832
30965
135
41027
3903
37281
27153
41192
32239
34326
18534
26975
3438
19691
49324
19047
199
33996
8542
24240
44477
39932
34452
2016
16540
20526
16124
47364
45854
43161
7912
31521
5353
37436
33670
12109
40024
41090
7402
37461
20600
48685
18714
39061
33214
44504
47633
45273
29210
39000
29092
10046
36857
33926
39299
23888
27018
16854
34764
31392
15263
38997
10573
4422
47884
304
22741
24593
22981
5544
8780
299
31826
4157
10580
35219
31413
26514
11115
7664
27160
31699
44108
36380
47194
4131
9546
10165
38899
237
912
40995
22580
7455
39551
11629
5611
21374
3701
26506
11811
44489
7655
10319
16283
31298
45493
10078
45656
26800
21185
43862
30599
34130
23701
26154
42811
9730
7751
42823
43473
38787
23711
41017
16266
2698
17724
1616
40410
26073
26901
21631
30529
11209
48620
12635
43394
11635
41486
33393
35275
24580
4910
11179
30380
44340
11664
6929
9556
30954
22171
28268
9863
10004
38130
21120
13261
23019
15675
2090
21081
37160
35208
11941
48558
41885
18422
12649
14582
19155
14053
39997
32689
10133
9117
17208
21189
36111
33237
45991
31231
31357
13677
42563
33478
28239
23010
33677
16744
26213
3355
45344
41258
12964
27700
5599
28247
17312
35065
47305
48806
40203
9007
46765
37332
17388
37449
7048
39887
21314
36642
11866
10279
24021
42613
5247
26651
567
45179
28589
11645
1651
680
5918
12975
21304
49075
30942
5725
15306
48251
47831
12182
4180
16059
14044
6251
22791
40046
33136
11816
11692
6591
29662
36510
18380
5121
43827
41554
29324
19713
33435
46460
9737
27218
38009
38601
17554
1554
5188
41091
866
3036
12962
6326
24230
39132
17946
48508
37196
43083
46924
17574
3761
38537
32511
23668
42881
33639
24270
5952
219
37748
38812
49770
11356
25269
44564
47465
9006
44348
26931
40256
5807
12043
26072
21010
13420
20333
34012
20746
6428
20266
38527
39737
9907
27546
47236
210
37649
22196
8812
45580
19998
43776
48132
8017
44717
36277
20855
20289
20045
46725
45463
13789
25788
11970
1494
10000
38534
28324
26085
10123
19354
21499
19048
47393
31992
14486
42447
15380
18392
13295
39777
25313
8574
24721
25803
5158
7382
42395
29931
37780
13288
8522
33413
22324
1555
12341
37447
24148
34576
22272
24278
25213
18012
7946
16543
48847
43732
40155
35986
20245
33159
30477
15418
20826
20563
30738
40909
12961
17859
18273
8074
15941
42895
18766
41078
45274
7353
6605
263
14531
36044
22314
30285
14752
25144
18811
29515
29660
33317
1832
13766
46909
48353
5864
40325
31540
19386
8629
28822
44842
25265
29454
38492
38688
46016
18282
31138
26482
38188
32691
38212
19827
48917
9257
2745
10194
48026
9336
8802
3222
13128
41710
27326
45128
48570
7836
9358
24482
943
44367
5134
49123
6615
32417
35812
9519
11694
41848
40939
41198
15129
25086
29924
32393
15724
43582
25603
33938
25974
21435
41092
41576
37363
12838
23633
46324
15995
44057
34148
22922
41001
34520
4144
45595
25311
43101
38493
4504
37280
8411
12213
45633
42028
1314
48883
37487
22511
47200
19592
30235
45877
47563
6761
33873
9880
15190
8374
8317
23198
42927
43834
38077
26898
5326
5932
12254
21095
45285
25528
44297
2062
31093
20556
5222
16106
2286
38621
33482
25477
28146
8031
1462
27688
9976
4533
14769
10170
39163
23749
27175
5114
19259
18987
26438
39422
49878
2011
18005
8452
42632
16434
31289
48890
19897
17697
24141
45100
23795
18182
3327
10109
14668
1778
30495
12277
28939
15971
31028
5306
38833
5372
18832
23614
31764
25740
18665
3010
15260
19815
28228
24049
9098
28594
11779
3290
46741
14514
22728
12498
47044
19664
37993
22836
26581
28187
33104
39358
26067
29089
7945
8869
37828
3756
46967
43216
22306
43767
8695
42308
21592
18899
47085
18201
18767
29947
14471
28524
4374
39338
27198
1942
41106
21143
17289
39104
12808
44072
19499
35055
10160
23828
44168
20240
4091
34991
26887
26790
17669
46260
31955
35534
20506
20675
14509
1281
15998
15577
30874
177
35596
40482
24693
24446
3352
45733
33187
38776
3501
9077
7720
40988
7958
49283
9099
33010
34691
33831
21762
20032
12762
48989
31314
39927
17182
5355
31359
47463
10914
41450
46954
10533
40123
15741
20086
33048
38030
22342
10820
28775
47635
16679
41640
11481
33609
18091
10603
14705
3231
2882
14337
32910
34707
18275
22146
23753
16314
31715
49253
49147
40987
25876
27256
3204
39372
46988
34324
22748
9275
32869
29526
5999
23880
24646
36095
24914
2895
41547
31976
6905
20391
16772
3964
7176
21428
43954
29317
44724
3101
6529
3908
12007
33587
13626
44542
48027
18916
14407
15290
9094
45252
7470
46124
48237
28917
9753
32826
37564
45639
45052
35848
40071
11952
29478
23214
9720
8282
2458
15698
31644
16102
41146
40902
49171
16727
14335
31868
21934
46708
8840
41048
9786
43304
34035
4492
17851
14098
48997
18690
32433
3770
17047
40100
33336
4543
3146
13317
17564
2778
37483
11653
40668
11820
36568
41998
49990
2424
49460
26583
31847
29506
30699
18656
13113
32124
45509
49656
42025
2252
29583
43103
11225
35290
9186
16683
3545
11240
46692
42824
40720
14832
23163
41046
24385
49697
23301
39667
12802
8771
39390
30794
34071
29496
45653
10764
23337
44141
30302
4635
30517
41476
39665
7775
2754
4843
32135
11441
16682
7102
5212
28603
25951
43399
42204
8700
16622
46756
49000
15257
7239
39400
29564
35786
10010
48910
4147
8850
35738
7130
43172
21790
13166
29032
45377
14703
6786
27701
9104
24625
5914
3864
15550
46736
45820
22346
35149
33622
17105
10689
39147
21440
38315
31793
3988
1354
36332
28873
35447
10461
36503
25122
25530
14134
35993
20618
49732
38757
20427
32654
47694
9881
16868
19512
48855
14095
35130
14730
21008
9612
37251
10376
21155
48225
37468
45724
85
17420
28598
26889
34881
38721
11174
41473
19811
27466
37929
42421
10995
13483
48815
581
49657
2583
20929
19807
35177
24747
17435
454
22804
24465
30243
33123
29000
34631
8669
47410
37318
45536
14622
24677
20163
34026
4598
8172
49167
17557
25089
34230
33790
18460
13566
12500
33200
2495
16536
6527
31925
12166
11719
17740
39416
23254
41518
5238
47501
41729
49105
15481
36462
34497
7434
29678
48071
9432
10745
45353
9521
33199
24096
49843
20999
19523
28017
34523
7570
48395
20503
13143
40821
19777
16460
1993
3769
5067
15551
47725
32044
36701
19455
12677
46333
23947
27194
29093
1153
16611
35653
727
35632
45806
47180
8655
418
23153
9449
44722
26709
41957
48162
47922
45797
14164
15710
16599
3369
1928
35056
5707
10949
16140
14031
43224
32929
48360
29383
5265
2066
21541
40178
30589
1321
14045
20375
21764
25243
14127
10640
14402
37714
19370
34928
26491
9913
28674
28831
39761
2058
9025
2195
11867
31821
1163
40012
16135
11979
42802
1273
49281
17635
35303
38508
7824
12515
31672
3737
37678
40017
11894
21657
35224
41756
45896
32229
12938
7828
33039
37640
44500
48549
47664
39428
27066
14977
26984
49040
38834
27833
21966
46383
24790
41136
22486
49348
23218
46331
46465
48265
44034
29851
2386
15172
25316
21705
5309
33722
17389
19268
48657
3
10992
33245
10436
40337
5313
24610
12707
43274
27811
23305
11051
29602
49272
29301
29038
43645
18778
28125
27812
119
18445
1138
5003
22627
38852
32933
13092
7503
30877
16914
40659
16980
19761
24977
37052
14024
48055
22935
19479
706
43377
24673
4069
561
4867
27619
35914
28412
19377
10432
35428
26194
30737
29394
39518
5713
997
7006
12794
42138
2824
24182
9620
23756
36127
32796
41039
42467
18126
23258
4108
17038
31422
34972
47926
37260
9386
47853
17293
10886
35202
41479
40657
47001
27647
687
5087
32924
43813
42950
6278
40492
20478
41974
14234
18789
1875
25870
18193
7294
3237
39087
24235
21556
12555
3284
45078
34667
19145
23320
28863
46043
23448
5277
41042
12322
32509
41873
12504
1421
21987
39902
14110
42930
27985
9597
7785
7546
15131
24581
3564
29533
3653
544
2009
19509
35849
31102
27463
49359
27597
38154
30742
6045
23073
24712
37846
27820
6329
37256
46758
28540
42468
14687
44464
28334
2896
7369
15734
28280
27972
37360
41786
41663
45928
37229
22914
38842
6808
21706
7057
23429
38070
45667
33772
34593
33991
19148
44589
4035
20428
10997
17086
43761
24120
21571
42232
20971
11531
15740
9738
5364
26919
40279
11226
9013
18472
30864
26152
46947
45512
10919
7839
5644
26009
26220
44479
20173
441
14318
29120
32388
30980
2621
34869
46639
36847
25080
1523
7287
7362
11218
41125
34414
39641
26933
22330
6770
11986
31118
44486
24474
43206
31790
11321
39638
4799
24483
34493
33339
3539
34844
31457
8751
41905
3708
10799
45698
40111
28430
11863
111
32231
37144
27504
32223
18206
34186
16325
30998
6599
902
26155
2768
30284
25251
38281
9915
20601
20084
17516
44115
18286
36801
6176
47514
6857
26260
41909
29169
21509
46658
46823
26415
18768
18361
44534
2198
3229
21600
23149
16667
24454
38739
42046
46859
102
26370
5676
43159
46452
4308
5577
44003
23484
19078
19507
10714
3269
632
41891
2285
18061
6823
26771
41465
30453
19159
2555
12960
28559
36002
39781
8759
24757
44360
18843
33753
2582
37310
26559
19868
6105
29545
38398
9561
17150
19700
45513
4081
6469
13488
24988
13319
3280
28624
41603
18941
1418
6372
34038
3569
15177
44927
8385
37350
43433
16631
21281
261
19304
26286
29546
40374
25688
30457
38722
39525
6925
39493
29794
14767
2693
23647
16489
19650
9890
10041
32350
34794
21149
25877
32583
5922
47667
32488
41256
13213
16464
30578
7471
15485
14074
10543
37755
14129
47434
47109
31004
34724
9883
6279
13012
14275
27561
21725
24055
8941
13204
31149
26928
40370
14743
38370
41397
29457
18527
27163
30560
22170
48346
39999
24377
45392
36788
5253
46687
39762
3774
38101
36919
31105
46167
35477
34694
49376
30027
14927
35232
5557
36215
24847
40008
38793
11416
26704
2766
41615
9529
37855
38202
9173
4488
38689
45828
798
24246
25898
26270
5415
21345
32809
31057
7431
17968
39192
1842
33310
9059
11893
12565
9975
39471
31705
36654
4739
20470
24635
48739
16795
30080
14904
29276
2603
33037
42910
37333
31730
38480
43072
49997
27866
3677
40703
7119
2830
23584
10192
38343
43548
13710
14057
34276
27724
10202
45963
47365
22796
16391
47647
27892
1152
39168
17074
72
30496
37981
32302
33918
48774
8267
20989
149
6090
35443
7539
43094
15616
18313
6656
10739
40028
18628
141
20311
48905
19392
37375
1957
32048
34105
41669
10850
32294
45941
41195
17781
19793
7099
9647
35306
31208
13852
29513
41376
19321
3957
33555
39142
38627
48196
27114
8944
8662
25355
47229
41530
46419
19688
12781
18845
8958
23536
45488
31775
2668
9908
21296
46222
38874
24083
22072
44699
42588
19006
35697
13496
23259
18720
20133
21936
35610
44180
23311
17175
48250
44960
27736
11187
19036
35000
22289
40371
21073
2794
6731
10008
47505
20811
15350
34557
43525
49346
35678
35518
46262
15429
48001
8383
22250
9884
1036
10853
13559
18327
33418
21443
28091
38409
21747
44252
37324
36231
14940
13486
19929
6702
43452
21840
1428
41469
38028
37668
37328
7423
48563
6491
22218
22494
11519
49618
29351
19071
47124
13936
5419
44982
5092
27594
29846
32366
35198
14952
2290
28502
34017
26190
35664
12844
18604
33264
18292
18489
46865
25801
26923
42104
18163
9985
30771
18986
47218
18158
530
36705
32422
16920
12732
29183
38249
23813
35871
31872
12816
47991
25428
26616
15343
3651
48007
38850
46785
22939
28507
48072
23792
48424
26348
11404
8224
46302
37756
2887
23734
30989
35251
8238
45571
19613
41922
38645
43393
27938
25629
46171
35127
31135
25388
11768
3496
5316
42039
5819
38148
23202
26556
24746
5
41144
33849
11373
12014
26549
49578
28279
44200
29135
36782
49160
49749
31610
22322
46784
22651
25842
9814
20917
32288
40825
25361
49447
42519
9165
49395
45826
35528
19905
10265
13975
21791
40767
18546
2601
45148
14997
18230
6129
16046
15324
10884
32400
38972
4004
43100
36265
4833
1025
21479
16320
8906
26274
7363
43580
21366
12958
49062
3004
14255
39892
6445
32156
49235
16158
22401
28542
38980
26864
794
46279
28480
12561
16903
2121
39013
8873
32965
33284
15124
24546
13634
15213
2740
31131
47565
15062
34566
9499
46155
3241
27650
27984
24676
46251
39076
41567
35032
20882
10502
37952
6008
2633
15191
5893
12602
22663
40378
48101
1881
13911
27411
17721
42359
36036
37602
3289
24522
6855
15159
32913
27191
45089
44079
8646
37221
11669
42634
11177
14136
32268
25106
6362
27696
47898
23635
28209
28642
2943
6820
37924
21636
20207
11552
17145
1096
49590
2470
5847
9003
15618
17792
38207
2441
9669
21098
21629
4550
8251
16870
41953
35566
35585
20358
2133
35441
31666
6181
16829
39506
3240
45871
17782
21108
18540
10424
46046
48644
27639
24606
46799
31416
44797
8457
40801
5109
32987
7321
12309
33561
38994
11871
419
9596
32105
43133
24196
6684
35720
26828
24993
39426
17115
37622
29251
32415
39148
45672
45831
15141
16517
15367
41114
41010
8678
22023
11736
22066
41646
21653
11234
25664
44335
38577
47783
48961
37912
2176
27272
3151
11449
27142
27154
10003
5743
27520
29177
516
12446
28114
48891
14059
24681
18394
14349
252
2004
36051
40237
48911
9873
12204
47395
49727
41011
31856
5136
48361
10597
23175
7798
14628
12064
14230
28316
27912
12550
19853
11638
40827
48111
15489
34725
35253
2036
6956
18974
28715
18283
31444
6700
14287
17089
10112
24112
29898
19881
22113
6482
15331
19428
37702
35985
28272
13731
31078
39221
9540
29438
46429
35132
32395
39177
25331
43970
45635
30281
21093
37223
20529
22537
17806
30335
40020
14464
32312
37316
32887
40223
26333
24090
30269
25490
9538
24071
28498
25597
11905
11185
28116
5123
23988
46873
5169
5421
1753
46256
15261
31534
26548
6473
14847
42726
30550
1284
16456
36578
10378
40348
20880
22872
35679
13602
35710
38727
35096
16782
26473
8976
13306
49680
18749
5076
31090
31751
7636
8086
30790
31485
22086
13396
35386
17497
45042
39357
33909
40528
3687
15918
46812
16189
10806
20415
46283
37254
32508
30490
18159
46328
38632
43087
36150
22911
33995
42294
27692
34169
46565
10344
40354
29964
15617
38690
18994
3649
26143
3546
28417
33758
17251
43312
4565
10912
30841
49245
22408
838
12626
9698
7437
40426
18891
40200
16380
11124
26762
17647
34744
23346
46446
7911
13741
25090
30205
11652
35872
14260
25063
49216
38557
46513
17667
42680
18884
29562
15223
29959
11446
39452
30468
9964
9640
27172
14877
1790
24088
11559
40713
1863
21021
19091
14666
28897
20038
11412
25648
12158
9197
47013
43650
10437
585
31038
11897
6141
1466
28122
49992
152
45875
8647
19088
42805
13781
23099
41546
13015
35485
3176
2132
18804
13873
40355
25072
37377
38503
4135
39996
19669
10534
10487
46996
9550
4078
12619
31511
11943
23338
15070
3521
4234
44669
20182
9063
48282
39884
48944
32467
40302
869
34241
48693
20293
36420
25173
40871
49523
11696
27880
47296
35301
15885
34134
41065
33414
1452
32310
1713
38986
41502
25939
31482
48675
43558
8821
46150
16872
44350
22013
40174
42024
26903
21589
15685
39074
30341
7376
37531
39668
44224
4061
10878
43168
49733
14691
44774
10635
10439
13808
20701
5330
6754
3083
13584
10604
45586
11084
14397
33738
25744
41350
12237
25617
25446
47149
10839
40639
31836
4673
22253
32530
40287
9090
4685
18372
14580
33777
2945
32947
9617
35810
48836
33493
42740
24519
14396
43405
41698
49761
22093
31902
24361
40511
20123
29421
31754
39808
10012
46846
9660
39977
39296
42004
37069
26060
34983
7235
14243
47736
37920
36276
497
14565
39241
27770
9757
37930
21194
27298
4443
28901
36531
4101
2148
44733
17138
38
37850
12113
22723
43929
38561
3758
41508
17799
11465
9255
11113
26110
21339
15781
1543
302
27299
25227
36369
33614
21559
12926
28084
30179
24268
38629
32774
4506
426
9694
23843
47847
40600
10591
12274
24735
41651
26193
21168
44547
17539
5597
6002
9726
13361
2239
5660
17915
39026
38050
25178
8437
25800
32404
22666
45482
17790
79
15779
6819
13468
44411
16029
24167
3372
2180
16022
25601
24634
3631
29707
21699
22602
38572
47286
17494
22695
14427
25500
44763
28075
17166
40670
44199
15957
31606
35165
28182
21961
25327
23157
39204
12151
23050
41730
21989
16544
41356
33431
45134
42383
26198
47587
48338
22546
29069
1800
15009
9403
40171
16284
32616
28749
11925
15713
13139
4310
44425
47658
12057
11668
17188
46543
1396
4933
26328
30131
23229
1150
1005
36500
4399
44684
18681
13847
31573
14371
14845
42904
38600
16657
35671
19795
29072
11689
17987
48058
6511
22261
16393
36596
17607
469
8801
24195
18646
48411
4192
2388
25502
6695
16790
7975
31904
10701
39473
4856
39740
2997
18524
40989
5062
35799
31572
41191
2985
28059
25067
28492
37517
49604
24312
18386
40073
24016
6149
23174
12849
24132
44488
42133
46182
11896
19745
46052
38806
1745
14254
34838
33498
15729
36513
29736
31498
19400
47147
36214
26182
15518
1797
23432
35711
31046
24774
44988
6367
37187
32974
24053
17444
29112
2585
32047
2752
46335
28833
27999
42475
44861
68
26886
1606
44792
35973
34529
48761
42338
22304
9867
4164
46475
36110
19032
13769
34242
47428
15297
12598
4916
34342
2278
16850
34563
26999
46023
27848
26852
528
48591
31071
27967
20472
5091
18785
26035
9429
15457
32953
47586
23952
5569
39721
14665
5078
4793
41175
25481
45157
6032
27711
42405
21244
19493
23576
12537
38405
42905
39963
25134
42609
12805
6089
16518
15978
13384
486
43654
15505
36344
19687
1551
16997
16202
18481
22426
24940
16156
42624
6655
15524
4950
44961
25874
38447
27225
26437
2378
31221
26093
15379
48044
11288
49780
46892
6537
24586
43632
18096
49222
36362
12959
39317
43967
11396
41317
38662
16221
48359
11409
39722
31825
20115
1858
40542
16399
40832
45858
2486
28933
48347
31635
26960
31303
45430
16986
8643
42404
27305
15822
10490
8828
975
28159
18888
14829
19647
7305
20726
49949
32693
49416
44592
17788
7587
15705
36232
7500
40734
40946
15465
48482
48039
26855
18937
21317
19808
3928
44711
28810
13231
7559
1167
9208
46387
6200
24699
41981
11991
25926
24113
7202
33445
4686
40660
37238
14332
39042
27252
27146
11171
2394
15377
12173
29960
7366
16616
47346
15194
43117
29131
17576
25606
45246
39156
49919
39919
46205
24073
14267
27585
25579
14912
3292
12268
45135
49014
3727
33706
48602
17907
37111
