34712
2773
35262
6398
45317
2391
6446
847
38280
18170
39376
29666
3276
9154
23436
37799
43714
252
116
4135
36136
15666
39374
41706
9181
22585
36614
2668
44618
1832
25985
33154
40486
48745
14263
21727
25107
38714
43664
1579
31332
32578
26468
14605
34275
7061
14790
25738
12482
30500
648
2219
15779
25287
10273
26821
27587
23320
8482
11751
20739
23260
18676
21574
42803
43578
24321
28905
31499
4356
49097
17906
9125
2232
39664
23140
39549
20044
49187
44121
42827
30936
13625
48043
34943
44364
33728
30331
25322
49700
39137
1351
10570
39546
43037
28731
17037
34080
12387
36109
3510
27474
31134
49689
32351
48121
8702
41866
36900
12676
15688
28891
33059
1543
6000
5355
2829
38713
29165
4001
42883
10239
47784
5366
488
12556
12358
2155
14753
48008
24829
47928
44318
22975
39627
48533
1161
34690
28160
28249
14489
33444
36719
30922
41297
3528
14225
12767
10654
7792
4718
28004
25175
42124
2328
8757
43409
39708
13061
49490
37647
41700
49055
25834
15022
29698
30644
38851
38542
48583
48780
22126
1128
32876
45007
19147
29958
5593
18273
19128
6349
22911
10121
45489
3482
21722
15090
7612
4280
47927
21943
23280
35344
16907
31939
24913
8433
45882
46691
42202
39243
30204
47887
18957
20511
9955
10652
14973
7343
6073
12574
4266
1123
6627
44669
42973
40012
25108
27071
3070
34152
21642
25753
938
5335
229
6583
49458
25466
46286
33476
18860
10669
35504
14819
1646
4495
10694
30700
48444
10957
6784
387
28998
45446
42560
10931
39606
43516
24268
10189
33929
25356
19404
8239
47835
44531
47776
24188
2408
27116
19270
42638
4406
19626
48227
46692
1976
37129
39318
38983
7817
3124
34746
19593
15880
40984
29385
3073
29653
35771
12824
30083
45800
18727
1477
44258
31890
18356
40386
32249
47656
13220
36797
29328
37505
18521
20156
31558
8429
14709
3727
9633
28749
3459
6445
7421
29988
44156
4527
10585
40493
27833
41998
11320
32392
16457
22906
42108
6988
38613
2449
41979
4170
29744
37507
49661
37514
21110
23687
22759
18345
20073
45865
20069
28578
26190
26881
40687
37380
30466
35963
5033
2955
2845
5314
17661
30279
19701
35432
18699
3561
38549
32672
3658
8316
17806
30519
25932
42075
46563
38507
29090
16164
139
11141
17445
14979
19622
27484
27724
4776
34776
33171
44449
6785
44513
7764
45755
16460
9437
23443
35150
2414
22673
30277
22364
8024
1303
35225
20757
26966
8857
14735
43359
13730
2229
24458
43601
4329
8290
8931
21986
7167
28811
26664
28328
25311
6833
19516
14118
26353
15117
43855
9700
21798
1112
6842
33445
30465
7753
14027
20439
16109
27760
42612
24217
35973
49266
19923
5146
5622
44868
35592
39568
38570
29264
24956
11346
9099
7806
44766
2539
4216
13165
34039
13123
2852
46814
38003
18582
15020
29971
29084
46082
45442
46057
44683
32952
37497
24780
29189
28535
7002
5675
28463
33005
17942
37404
45573
42724
35869
28614
884
26016
3160
33282
14230
4951
28837
2143
42146
38369
11572
33205
11740
32894
45629
26263
20319
46764
16424
35114
11250
6768
34797
28447
2381
25036
5874
27268
14772
34133
8804
1884
7432
4003
8474
28109
41085
25704
34143
35046
7196
17057
30193
29312
333
5951
21526
21046
18583
22092
41046
48502
18321
8007
28859
39904
35392
45534
37676
22150
2507
29258
40175
48230
37427
4244
18283
6617
14935
47913
26645
4549
17107
7878
29235
40407
13880
29953
27869
6707
43230
10012
18704
9910
47131
2840
20379
9137
11964
47724
21340
25736
44051
10386
37626
43026
16793
45223
21317
49526
12087
45162
36599
45520
11859
7561
8119
48956
35271
19458
26948
39010
26694
20837
34641
6723
4916
35547
19885
14730
22604
10672
38060
30338
23821
10245
3475
17739
42521
27004
7369
28574
21605
7850
45139
15881
42058
48625
20974
12700
33565
12760
15745
29616
17046
17071
36304
48183
3867
21801
41475
32570
38089
48850
45076
7074
21272
46447
14427
12423
36763
37890
46661
34990
7554
33847
44589
2511
46271
35826
1141
44413
18894
6209
33221
24122
13361
640
38501
14379
4624
27199
34217
39819
28205
40062
43554
28494
20159
8543
40423
9628
40208
179
38351
35009
38513
6128
6759
31444
25057
34785
20809
14712
46003
43749
15193
34846
19724
30953
3097
36813
32943
5189
1992
9429
34540
33278
10700
45799
14492
16385
6972
46096
47950
22166
21842
18797
32874
18368
48603
26055
48286
13982
12935
3881
25781
45525
43520
9219
9808
11389
32532
16381
25407
34683
49335
36436
32767
28915
6743
41588
14952
4640
24532
3604
31316
26361
28299
12642
3002
49695
22145
45930
15619
28262
41277
19168
36827
42705
1373
32624
33251
32114
44126
19669
37820
23744
1267
2107
48056
15307
40985
24556
880
17547
11618
44165
33577
32878
25061
5696
9611
13404
35410
43383
44071
45551
21282
11379
47793
27298
22120
37524
47958
43636
45051
46046
19032
5138
46944
43534
33785
13742
20626
45158
1321
34113
39258
44849
30705
35512
16881
23183
10778
28235
6154
45954
34828
239
25701
902
43680
2891
30769
17418
35398
43425
11143
44984
44374
33636
25659
28206
3899
11079
24684
47312
23030
34377
26608
15080
28218
35022
11043
26999
12214
26218
26420
34755
49838
46154
4041
29156
9575
41719
1424
21699
8717
26857
26984
33586
11668
44569
23740
3217
34565
40777
39225
768
10560
26161
22720
8818
35281
14000
47574
45912
46641
19633
18406
18138
35395
28621
34415
34678
34820
43628
7420
3988
23337
14544
26110
48365
22053
38036
40615
14204
15839
10583
16016
716
14052
24422
15785
16363
2015
17458
46753
9406
19193
48846
42394
4847
8421
34158
36155
8202
7752
20761
33393
29042
1839
48201
45362
12977
30977
47560
40649
16335
39349
10405
14939
17589
2097
13934
29459
47252
31223
1634
46083
7532
45512
38817
44617
22036
27561
16147
27001
7125
21960
20286
6905
46332
21695
24082
17007
13964
38371
35153
44554
47545
27600
38083
42113
5298
19657
37519
39358
26567
30825
42246
4563
15625
7550
9745
37223
39046
45037
48763
30664
34494
3551
25244
6870
48180
39801
29851
4855
8895
48913
20653
21759
39121
34760
39058
41396
23450
15467
30813
26697
41794
2514
35016
23185
18187
2576
35990
16151
42319
517
8016
49630
4430
40347
38683
19127
