42823
4837
0
31044
6528
38900
23575
17956
44005
41174
25508
37745
7101
25949
29569
15974
2426
41882
18282
38350
15413
37604
24448
1109
25307
19647
1726
21944
18112
17631
46612
15683
48769
4791
7897
31565
20914
34355
24372
5081
33852
3030
38120
34231
44837
26474
39186
36341
23432
46049
9070
14045
22227
28140
9639
48732
10097
10620
15269
43641
26115
8111
27110
2348
2326
7607
21318
2594
8140
12860
42058
7011
12571
14262
40344
7271
28308
45456
2766
17573
30174
35169
2808
38588
338
11840
24635
11207
26532
15850
36388
46301
22503
23487
28965
4278
4370
14586
48881
36572
23755
1949
25590
28823
13965
604
73
25325
26136
6508
28912
46449
35791
38497
45028
3232
24383
22525
23217
6369
16407
24831
3415
18427
26114
35859
16099
29366
30042
27859
33351
47136
14073
16095
30907
5888
9130
5808
42068
33005
42102
29760
10359
27447
49580
37654
27538
343
46503
49541
12125
20397
4288
36645
15886
41962
14775
8047
25585
18733
26527
14469
8160
24073
32694
12591
25776
4561
1819
25204
18155
17452
622
42211
10860
3733
46981
38999
41912
15428
3188
6999
18425
3971
42311
12609
23188
40241
894
5584
36608
39515
42557
13772
4718
6343
26510
35405
41034
20219
7462
25174
34663
27013
2122
11517
11093
2486
41886
7844
28939
448
40328
41881
20696
518
42904
9013
4083
15753
25551
13687
8551
24380
48688
48471
7499
32797
42132
40488
13718
41816
22063
26059
1405
35745
2893
11080
49530
39577
42076
49940
8953
46397
14769
12597
26751
17615
754
22204
43250
36313
45630
6433
15446
10101
32168
36494
37892
47525
44358
37679
42410
13678
13838
1667
39726
22173
36677
45728
29900
39561
20014
7683
2605
27222
44438
43683
40186
27375
19704
9332
10246
4970
49866
12673
35270
24738
46591
25700
8942
32828
1060
35031
2760
20976
3894
26140
3404
10083
29012
20681
44487
2682
18380
21035
10927
44111
32652
3131
23604
44228
49142
10046
31270
2151
3366
41166
9022
18885
36747
18395
44801
25072
12458
27072
36990
37492
46899
8536
20979
10051
36081
15515
47894
15932
6685
15651
41835
23777
21284
39117
40534
17544
30444
48341
32543
31828
31263
15774
29615
31560
45087
19817
35526
29554
9127
39599
49300
1096
2561
45378
34048
33936
7977
2703
1903
42819
24690
15833
25191
5256
21026
48622
19980
33322
43876
48050
27466
39994
26361
10920
39567
45329
20814
540
8658
5410
44563
10981
3510
6426
23969
20704
29069
31894
46023
36196
5838
42648
39998
5528
45406
471
3899
2584
7351
906
2176
8286
18089
45047
14552
33829
18267
4898
14872
2422
31723
31955
11269
32573
14529
19470
27489
40908
18810
63
33678
41196
7527
22024
26878
27580
41118
34381
41074
8882
16093
1566
28038
49036
42623
24982
3193
27779
9510
43698
2273
27259
45752
26923
48412
13364
25558
9654
32768
13994
20157
41700
21029
17624
27338
38561
48020
38935
10366
26434
36454
5777
24975
44793
25469
33594
49962
38035
14759
6371
14821
5326
18609
33583
22086
1683
2782
42610
35470
47969
7719
44468
8329
97
5168
25126
23075
3148
38177
21658
29246
7416
21909
44802
15324
15531
6601
38107
40801
5998
49546
20010
30604
30369
45004
1303
384
3957
12339
10436
26924
26948
8952
38860
23871
38889
46501
30676
42103
17684
11048
24117
14163
29093
48545
3202
30476
27358
30882
17697
23529
34856
47287
30073
42307
9913
8010
23930
4308
43381
33119
47578
18877
29830
16109
25651
44195
27224
17852
43899
40711
9716
37223
33206
9649
32970
40584
12319
29015
18160
34693
41257
26355
27711
11477
16270
23863
38273
9412
39386
17315
11026
23019
29780
26020
853
1310
23393
41984
5555
45267
1152
30136
29014
27480
23659
12328
20884
5877
15949
34335
6913
46125
40238
3451
37538
22639
4604
48426
28384
13742
42377
28681
35095
19242
33590
34709
44264
26130
27227
20709
16385
26929
2281
26058
42476
13320
29930
20102
13267
24589
48383
31092
14373
14384
16889
42390
25892
45174
22205
29722
15442
29018
7232
11059
7598
21071
1828
39917
37495
46077
2235
42320
12836
24981
7212
43582
37087
35588
36063
2012
27268
7078
36751
23401
15905
49328
49532
38201
6993
43097
3660
13132
33135
27350
2590
21176
9710
12542
41691
4844
11504
16758
16673
25348
9563
16795
10699
14724
11904
27004
8330
5114
1609
27513
42528
41486
17292
5016
18004
38263
16198
8014
20826
45317
35956
23306
42214
14109
32376
29834
36293
24026
39454
9014
13901
36550
41245
24683
45077
10477
44001
4022
14774
1221
7730
38222
18470
40482
29126
4648
28904
46857
33473
39746
4872
11034
5586
24648
19437
21336
10793
38353
1131
34690
8005
23568
13257
71
9788
46074
2807
20510
46753
45640
9302
37810
22892
26655
29721
33858
34277
8565
2417
22322
19407
1226
41289
29011
28410
18949
22795
32104
6245
1520
1553
23841
24908
33646
11513
47604
40929
21216
7334
16499
34015
33253
31380
38081
24601
22030
21789
13932
42362
31125
12667
7072
8799
19952
17499
39418
11439
26504
15874
34427
41231
12452
28687
46041
2189
14312
25420
18249
24301
48631
25029
13753
48224
2489
3065
7905
35308
9248
21276
32272
17594
28258
39610
28980
27040
27867
37968
5645
3400
31573
29590
28713
19436
27594
42907
1438
18902
30428
3153
34227
24568
19157
32565
2608
17524
19753
6530
4501
2015
30059
45269
48813
27427
32819
42726
14037
14789
5916
14664
7532
43956
18621
21359
19876
34161
28255
26776
4062
41550
45902
29408
40927
39361
26638
35800
48909
27986
7221
27377
39674
4082
902
48875
6823
4173
25436
48956
36237
17581
23367
12249
49824
17131
26898
33760
40554
7680
17077
1589
18482
35845
34451
49784
32129
29791
49610
36043
30481
6461
18243
45428
12625
2074
2686
33844
15071
44405
35091
41675
8270
28652
42906
28107
19353
1530
25006
5208
15192
20790
10129
2496
24036
34893
44379
32957
34768
45555
7342
17695
2873
18305
30774
32800
5677
33021
17839
28120
41171
26531
49224
20046
10870
31146
31515
21263
23822
36612
36399
43615
9734
171
15987
30706
1730
46032
6151
29783
17135
47105
4408
31551
28121
5445
17160
26740
34019
48943
26251
9825
7831
9048
33728
13066
8545
20786
23570
37813
16300
23635
4740
8467
42324
2361
28517
43467
35733
2335
9801
12471
19570
41316
46231
26786
4232
37057
20613
24305
41980
16084
10769
49123
31100
19766
26958
1999
19263
34510
11424
34932
31307
12069
25813
11043
30021
47286
15199
14677
28497
40632
14492
18883
47883
3576
38214
23043
29691
6777
41052
11954
36893
15553
13743
2316
44779
9641
20412
47415
23759
46429
37197
27289
40425
17683
34308
7567
7591
17605
38166
8011
33337
7026
18181
38670
1024
931
24225
30447
24279
1676
47908
46551
18231
48090
46977
11767
38117
19619
43894
3812
35331
49158
15148
29808
23443
15959
14976
7035
39251
17064
38074
28608
42915
24740
42757
5660
25689
8785
4709
1804
24856
5289
1505
28845
14489
19835
37821
19076
16129
44536
26701
38831
47043
27183
7184
42236
18689
11009
2410
9015
21900
26647
45607
8461
39818
8848
3893
34726
8365
19910
22367
30076
43799
47750
11369
14968
44248
48411
13889
11601
46529
14635
16707
37920
18717
2350
30083
20250
20523
49893
28865
39703
26636
47765
10563
22968
38931
19290
4398
13526
28972
12615
48809
18234
15087
5680
7005
26252
30177
46607
13417
38471
33430
4247
48206
21033
11251
1186
3102
21701
49329
44978
4563
35762
20220
49559
16628
32968
47516
21787
14171
27075
11130
8818
45175
35960
19509
40343
35132
26170
3670
18161
49809
12588
29206
3766
3303
22671
21758
44427
8959
676
28060
36792
17905
48193
2543
30006
14614
39086
19084
27842
26475
3548
34540
17718
30512
10767
229
27458
29349
40464
14491
13771
19015
39657
6770
18092
24555
18131
35994
39695
22261
6909
8125
40473
41843
33076
285
21613
43607
10610
29583
43920
7028
38060
13449
17202
45608
28793
42110
10423
45737
29262
36467
25238
39593
4602
21342
25231
3047
41847
4202
34698
38238
1915
3310
33658
22368
11032
14979
42438
42359
39437
5571
2248
23792
34746
24650
1445
20554
28760
45930
816
26467
31293
14356
10523
10281
32120
43474
44692
44429
14951
47602
4424
44662
9110
2922
10293
29152
16223
46863
37273
39508
7743
46841
28686
30067
9830
608
44906
26844
9123
41135
15153
8738
33953
8689
25968
37702
25023
46579
6655
20121
21401
5333
11114
5201
7097
35715
13195
27203
27324
4605
32403
22913
7382
24386
43141
10625
16617
26377
42157
44035
46243
10321
10457
27814
17252
47273
3245
25224
483
8150
13715
13701
33449
28715
33191
28731
10907
13467
30373
33374
24724
8440
5143
6258
25083
21019
2087
23945
4250
48913
3731
4731
45710
29460
26731
6222
23763
28416
46690
42664
17268
13972
22501
45666
5780
39666
29047
1433
31669
3052
46206
31112
8719
29280
19783
11753
23834
829
45535
36129
10568
12607
11684
33377
43446
23924
12832
37926
23268
41736
32912
40133
10702
43719
46722
46131
42717
11672
48548
38192
2559
4971
31220
43673
2298
30287
7073
46281
29397
48443
41687
42186
1877
42225
39273
15825
21650
37292
49664
47949
11937
19684
46418
38631
32302
10486
12714
48961
42227
44394
48915
44129
42007
39057
21694
13655
35044
23136
10481
38923
39801
6261
10939
35691
23522
17399
15420
2898
19300
13700
15594
14034
16308
4259
40235
16503
38046
6614
27938
8147
13788
10395
9516
47381
8079
9390
2636
10109
36378
40049
11975
28
32752
13497
42751
47695
5250
14283
28356
13821
47769
18933
36076
32131
44004
35574
21195
47277
46980
39263
37025
35060
565
49732
6586
3214
21588
28427
24027
41808
45128
13990
7490
42376
20351
17770
41012
15799
29119
12724
38176
25596
17618
17233
2312
2626
49095
33213
37899
37929
29382
26423
2588
10493
1894
46556
11801
36770
6312
20988
4225
34724
25920
47268
36470
26642
24886
24008
6818
8130
5973
5521
33812
9855
37742
29113
36110
48707
35411
1598
12991
15592
27946
42513
30495
42736
27798
38417
32532
43036
5715
39794
6006
24199
35129
29841
4406
18204
4411
15901
34531
10448
24216
31926
48539
40831
26960
35463
36664
44750
40177
40139
15456
36382
35407
8137
39782
828
19181
36091
44635
23793
42651
34494
44014
39555
1657
32325
48637
25503
28215
8862
13649
19317
41374
41282
4161
43132
16611
9252
16671
43253
2163
33750
37470
37450
11618
8280
28714
25106
17574
27382
27233
21611
36504
30468
33537
40631
11993
8486
36808
47005
19699
24189
47517
21870
47558
377
44409
31600
27083
35497
17311
21394
42635
37350
4927
18807
31314
35852
7071
42442
9624
11910
26779
28869
761
8503
49020
20427
41059
45852
17129
5228
48968
47954
10710
29059
14076
4242
11133
22495
13603
27077
28204
100
43552
39301
32709
49002
32441
35710
41193
2346
15403
26736
113
41131
26468
9540
9763
15283
48792
20205
13397
16007
40422
37328
13345
35796
1129
19901
39438
38351
12367
3146
30549
43912
20805
43051
37407
655
42532
20023
29150
26583
8571
22571
17640
38148
47802
13268
35174
31342
28240
16451
46490
11455
5648
20656
6034
10456
6269
22185
37010
1640
45496
48046
32035
31771
21187
22641
16301
30620
45293
30659
10760
41099
45248
33219
12611
45188
19742
24375
36920
10138
930
4936
7152
8535
14089
26086
34225
48145
38754
29393
49263
10996
47650
10784
46128
13853
37374
17714
26911
29822
37783
13860
37457
27348
13355
30795
18616
20614
14028
28955
1049
11328
6721
8522
25065
16395
7936
30636
29479
7955
2676
32164
49384
42134
15037
35669
4044
6469
30194
14967
30370
39853
44020
39356
8706
7406
30315
19626
43169
49921
45213
41540
29604
31494
7033
37024
38528
4607
983
2835
5391
41346
45548
25427
6090
16065
6625
22263
47561
48615
46094
43631
33471
36686
12387
14077
41964
13871
25897
38236
36697
30356
2801
19068
33968
45984
1771
33292
12198
29609
43366
13470
41176
28454
21732
34327
46652
41403
46992
28185
19775
14592
17321
41897
12365
45003
43953
8721
38072
5349
36491
43830
41662
14471
16864
25151
46725
30009
48948
23377
43851
21918
41097
25704
46615
16349
47573
18030
44403
44310
26804
8858
47878
23454
6473
34525
42497
38586
19309
46787
15576
21197
26456
32906
45786
18585
24205
36182
33239
12738
9975
10558
47056
12216
31643
30148
121
47417
40925
43285
25172
41488
16820
22408
23886
38953
6471
22786
42742
8501
32745
12027
30435
44221
22744
10233
18773
538
31767
13859
4570
5672
4469
3988
46631
46352
23920
48951
17111
29463
5692
38012
20637
30582
17786
26981
43688
22584
2167
3192
21228
5380
22225
9872
13162
44595
28711
40051
37785
26548
33254
43410
39549
28848
19755
42696
31836
41589
47211
34349
33461
13142
5024
18134
17744
41283
15119
49886
5823
41529
3471
1374
8222
16329
13055
1974
36629
22799
40580
14856
33442
31808
15312
47206
45819
3056
38878
21440
36193
5330
14541
49883
7224
25882
33864
27111
4143
39192
28349
47717
26417
29174
44877
39780
22613
42536
28942
42265
20766
12797
22154
9711
24066
24667
3483
16297
16640
30591
37294
20741
32321
1128
9922
15697
49303
34388
38245
33734
19946
31299
22980
23814
7225
43443
8919
3897
21464
11580
16104
47224
28847
34538
43801
31037
559
20402
35680
30311
2767
22189
40802
27878
32169
2506
10105
13533
8013
22054
22978
48767
5419
48806
25825
18857
49716
5206
8443
28810
682
28294
16036
33157
38767
22784
2107
17224
8394
36318
23292
37693
6881
34459
49905
18888
24602
24400
5572
37882
28723
10193
27742
27624
44210
48937
47451
14139
21483
33991
32127
18712
23918
38096
18600
30927
23200
10802
7690
35219
49658
23786
1515
44564
20543
44731
44185
6978
49826
37332
36284
6584
29918
12341
47978
44048
9543
49210
48189
42784
3917
47270
43782
2856
8357
38367
23214
44770
896
40879
37826
13499
35970
15193
28459
33725
45733
45372
47057
34421
9556
3738
27323
35939
18991
46436
23154
41078
46374
3226
7685
4491
6806
27191
15711
7679
37872
44864
28755
42401
9684
41982
43922
48201
10435
9342
35700
30402
5442
1122
39872
24213
866
23402
5459
42114
19078
33586
22450
8983
31798
26908
37581
15621
26763
31238
29371
46785
7982
30272
5377
19447
38918
33759
15636
4802
16052
43655
41943
21529
31514
7746
40916
46942
13935
8430
43616
15150
31406
31009
44370
14177
16732
10977
29468
40973
28183
3237
44642
23564
20748
4694
19028
13436
39605
22299
8546
8333
33999
29944
5694
28295
2935
14568
30210
20101
40563
27870
17841
42739
17120
25740
40386
22289
40122
23343
4903
8505
13745
31845
44234
22938
3529
8625
24789
5091
35558
32672
24470
9391
5686
27765
36897
15174
2698
22569
39469
12288
32982
23693
5902
36153
13746
36330
31746
30143
12821
16285
44698
4167
38647
35795
19896
39352
16774
23115
32498
116
46931
15484
2415
8223
47104
34086
25641
28208
37142
19050
49861
46667
46323
43067
4638
43864
48269
13813
3911
7896
21599
13191
21261
46344
47155
7453
49636
3423
34636
21593
45433
17439
506
32369
14224
33946
24702
33761
25216
33620
45762
21889
45069
39707
47904
48210
47638
37749
19732
45553
23428
814
42781
48591
45350
37433
45618
20539
811
37033
42235
18093
44459
25633
29544
43793
3967
24576
9997
18614
48846
16806
32960
17804
37670
759
42289
28115
13336
10265
18498
43704
820
27593
37758
20349
46213
15803
8997
43847
21646
28399
48646
17480
17736
18706
25100
30655
32409
3502
42099
18299
32673
23679
15032
20838
799
46237
34776
3082
5389
41273
16550
20052
12631
872
10279
21146
16857
44883
21082
5983
48040
39306
31775
49963
42405
47569
23660
33808
37647
13146
44200
43528
43232
11983
45260
35212
43509
22860
25631
25411
20137
25643
48231
47649
1779
2802
26658
26518
34692
3932
32495
41217
22788
9499
7551
23065
20880
28918
15823
47592
10553
39146
43420
32200
44428
26317
33510
15612
38683
32777
42878
29735
34306
43212
794
2845
2213
29420
25448
6878
18873
44256
40015
8872
43315
34986
25812
39314
49808
447
10660
19277
26729
34508
8780
18484
40258
15436
32592
19987
41270
16170
20438
21502
24999
15819
12347
2770
18233
33228
46793
44280
23732
34144
2267
16623
4976
25218
45042
4535
14273
15121
20958
42842
48741
49642
49767
5733
26535
21726
3680
19270
21767
45982
5709
26030
30794
41164
23355
15
39802
12935
35848
13266
27926
44619
15039
12649
5924
24468
13366
23378
5379
22359
37001
21852
33589
45748
25680
3361
17915
7978
32898
4942
14237
19373
7884
37134
25182
1183
35724
45688
25799
4386
33775
16058
34561
26692
30301
4251
10811
15080
21930
46079
21219
21223
12540
27687
1092
17318
13758
7419
33367
38712
26959
34141
44585
37715
7597
6979
3243
39712
9793
40147
18796
18433
17579
34023
45316
36776
36885
2148
40458
38433
6085
15807
41608
19269
30247
11433
14455
19571
16890
27770
17276
7093
13820
3786
21395
10900
5261
16518
37530
22422
24609
15865
22908
11781
41556
32739
6757
49344
20494
24485
30191
7052
14128
30221
40335
25310
21716
31521
45925
22066
11886
14776
44678
30837
3256
20492
48393
17964
8296
31253
45960
6232
32555
11177
39076
42881
8697
311
42485
29650
12263
17642
30862
34934
13175
40247
5989
2315
40774
13662
12224
40229
26860
11693
38006
11799
41306
39036
44180
3563
15370
45368
5276
49019
879
45480
44833
49985
14478
21426
23324
44994
24834
22401
38514
4754
45910
37444
13044
2259
29688
40510
43744
12355
3230
10956
32843
41133
25015
45950
34152
9233
30084
12196
32988
43538
41727
24260
39540
35334
46514
34742
2207
2886
5909
44359
16167
3124
9627
44664
3903
24654
39557
15824
34453
36386
31602
14505
21947
41457
15157
20991
28207
15537
14517
15126
19124
17611
43947
28244
9947
18168
22037
47813
12336
9800
22867
26579
38766
40383
13375
31590
31877
11768
700
48276
40963
33429
26220
47526
13080
36376
30685
4554
30434
16119
3498
25824
22038
7305
40457
37112
28585
28167
42409
33874
39105
14876
43192
32824
20935
47095
22743
45570
9874
42735
37275
38112
7362
22930
7128
39565
28098
1168
9897
46674
13538
693
47046
17146
41957
45707
36383
32136
22513
39253
34435
44824
23909
24884
43938
1876
12889
33612
33698
27065
34487
822
36711
2850
40703
15834
43353
4462
5045
49949
2737
28049
6676
25535
40187
30729
48575
5375
7405
24179
5740
5473
11318
10050
17968
44062
48815
30308
26081
3000
28037
2592
6639
4124
39348
13541
16128
34767
13609
32642
23179
42674
24644
30110
46633
24356
43824
15513
16822
12144
25950
28091
41628
39365
11131
24924
1577
17218
33937
7424
6939
14374
19315
40347
46145
29632
6874
40721
39918
32411
9983
17913
30180
25247
35872
1587
4389
31216
1675
1948
6769
17959
5174
35283
45107
21935
2244
28058
19308
4333
14065
18740
27070
20618
24621
47392
12258
25640
7788
12853
29907
1979
41649
42586
10717
6730
43820
3254
19210
18179
9551
2278
45508
38848
17145
17644
40169
1175
34850
11107
42422
19860
38657
19409
40853
20375
35851
48158
35583
21274
35801
36654
36007
45772
29537
6385
39145
10202
5802
43909
36310
40739
4064
29645
34097
48477
42059
1359
19054
2743
16666
2563
25067
40342
2444
7632
40159
21506
28197
1856
3494
32395
1648
42840
4875
26868
7562
29139
44408
47931
48755
24412
21079
13684
44491
2051
1344
14894
16696
24508
36325
27249
26300
9970
29163
8109
37347
42999
48235
38490
37375
35416
39919
5779
32511
42001
22673
25564
18836
7288
36557
16386
47378
38564
34922
25576
39041
13410
43589
35860
31841
10716
13514
40135
42936
38622
21278
38662
3399
11947
32952
27606
22164
12859
1921
45156
49527
3748
22310
47539
22803
22966
1161
30416
27473
40962
31911
29123
9637
1554
43396
35653
15944
6808
6355
32967
6172
12954
45646
20401
46008
17266
40076
17355
2804
32636
20954
31192
14154
47493
37626
17076
19532
12629
28747
5493
32443
43466
47582
18274
26943
12898
36025
38960
31201
25369
38297
9297
22302
48784
39922
13081
46970
3370
22053
28162
17658
15050
40665
35996
19118
28042
2288
17674
3970
4015
40767
5784
12640
20414
49810
12864
2693
5911
6565
3480
13090
37575
42686
17092
28990
15615
19072
39093
47399
44400
36769
43869
22376
14132
4157
2869
32042
15106
26529
46321
7644
3952
4660
20200
42306
18753
49144
40433
46463
24320
21784
143
10487
24822
29541
8092
31517
41742
29613
42602
35769
13610
17907
48136
13089
28864
30974
20029
46537
12641
24659
48
43226
3456
42127
2204
41610
26951
5037
3211
3177
3998
44160
20669
8802
34052
8022
12264
44859
33052
39568
26126
44940
19854
1083
21943
22318
29001
14161
15100
48309
11220
1772
21727
43731
36793
7250
34781
17242
19423
20528
2095
756
21498
42813
24186
21119
47137
29696
9180
8224
19503
27371
26313
461
24808
240
11471
20075
47549
35046
30803
12160
37513
29870
3567
15634
28212
3767
37047
34040
21816
47340
8956
17254
39195
18199
45110
8470
39104
20128
3151
39930
18595
7684
9255
43193
46422
17020
7243
36267
11511
19066
25910
22574
3629
6105
45945
44028
44998
40157
38997
45702
36143
46047
41332
39527
40516
13018
9129
30526
39775
45045
11553
25688
10439
12287
44788
32579
11423
24818
9994
30203
47709
49006
38134
9895
31881
6564
28741
31412
168
47233
3311
33581
19207
28611
464
46717
41874
25744
22087
19240
33714
26623
3700
43766
7174
26817
43877
32836
3721
44094
38519
17195
41447
25708
18096
16942
42280
29215
31864
33663
22696
16646
44130
42624
37574
29369
48132
535
13643
13555
3048
47740
21439
3676
48005
34380
146
27176
3650
26558
22316
2073
2769
41977
34651
48942
41497
42250
38318
23364
24288
19563
40477
48521
5977
29476
39679
27303
11464
37540
17033
39682
46118
151
29324
47652
46123
40357
1042
14593
7172
6247
11582
7363
44831
41030
49040
15385
38110
147
41227
9718
41204
36797
7826
3284
13919
33977
12428
41920
1101
36981
49075
19870
39467
7859
40679
22694
27321
1691
24680
30530
10831
4187
4428
16605
31454
34033
36783
47383
18205
39141
35721
20094
49431
33371
45929
45305
25716
48238
20465
47911
2840
26133
36768
46387
7427
26346
3851
36552
4532
35374
42788
9291
19168
14591
8825
44131
1281
43529
45062
4320
16489
49715
25997
3460
47922
13177
19935
6448
9513
5129
12010
16304
26567
23329
7755
8261
35808
49852
1017
22181
45155
43234
14888
25931
43380
30323
36205
4805
4630
24505
5075
7249
33697
32702
20188
39049
37013
27797
24048
3314
8359
43220
20941
34956
28734
19657
424
20517
37218
47738
6081
13983
6504
6539
11447
4238
46473
3354
1586
8421
35613
11337
5280
3606
37478
10497
26662
10913
5145
45677
47804
42838
28494
21332
36964
44845
27001
23712
33447
46733
19744
20929
13741
19216
17251
18970
23049
46266
39123
9321
3374
40359
41179
13135
10650
33770
6998
38775
8647
37792
16961
3096
13337
24289
49792
36611
41138
5259
33411
14906
49564
47016
31056
28682
22927
2564
26712
49887
29565
8896
37154
13427
19633
36466
26038
726
33791
26040
26509
46347
37778
19573
25496
43812
241
6024
32922
7189
30764
40233
11974
36826
8473
41526
8248
34196
28914
23205
14329
47858
44378
8292
47524
2101
25256
37241
33418
48417
47820
5151
33007
12121
30161
2494
6272
17210
15066
37472
32268
11121
23037
1849
24006
3822
21312
47637
29352
14973
30904
34437
38513
33269
25415
13816
35905
23510
45916
10564
42364
3269
21948
30101
15407
48175
45654
13112
48352
14348
18793
38594
36260
28486
42934
590
8155
7855
29337
484
18947
10024
43129
47942
3918
8560
18296
40823
23228
12614
18073
33643
4038
12130
41929
28840
9217
23331
31074
12608
34140
24370
6052
3908
13347
21310
27805
20567
39411
45443
31770
47960
2617
29092
15138
7637
36738
32568
31294
37210
32621
3801
31606
20699
29300
30096
45438
12811
6035
7738
40440
43500
42576
44133
4623
33723
7767
4547
45938
9436
3105
23542
46053
29140
25862
42976
23730
45010
8220
43407
3496
43898
20336
15655
2139
17973
33679
1108
47418
46055
13314
5940
7649
44168
36978
34841
38328
5226
2728
5562
29418
39030
39391
18311
38716
47786
28697
24150
27955
35036
26561
47127
30835
22848
9168
40104
32222
25516
17290
1170
39482
23915
23533
20640
11759
18491
35867
49280
23889
33967
14225
37014
8156
8255
25135
17746
27091
29602
39295
41025
42418
25992
2307
49227
32361
3946
525
32320
42108
19334
42721
45122
26187
21834
15764
23096
39766
49262
1002
6134
8512
17800
37434
40752
4726
3132
13444
6890
13776
32807
13399
40625
41584
9690
31275
39941
46894
5285
4420
28250
19074
27515
13318
5301
33836
36685
14060
8097
27032
25976
7801
25687
21334
574
23426
34667
939
42360
44095
12375
38341
44816
41242
2118
28694
16251
38406
10680
15846
20764
16589
39252
16720
49761
21746
25823
3109
30645
18022
45914
35137
3501
34503
40170
7154
30408
26725
27744
11037
47013
31910
20081
11428
28491
47064
37593
31373
28867
6672
24259
27822
24001
12514
9455
17506
18922
18353
5383
28873
28700
33838
20099
36646
18213
44706
23849
32604
22707
20189
46786
885
34020
28108
19400
7195
39392
44278
21856
37763
22947
19376
15767
3466
26118
27830
36940
49856
47693
27826
1470
47160
46634
21382
3993
25346
27908
6893
6004
12337
4777
47322
2499
22502
32147
31218
25580
17038
36259
17522
42671
15775
47895
47239
17073
27747
2054
32883
34516
1594
21224
16912
13646
12897
18176
1647
38279
43131
1800
16461
2565
23560
47657
17541
9936
47639
16566
26247
13899
27815
9756
25666
42266
30994
48605
30231
13650
6108
45095
11062
5182
12192
23528
29550
38265
8816
30702
9035
37829
38853
29790
28661
8465
39393
14713
7916
17606
40138
44274
18408
42679
41101
14230
21792
24761
19296
41229
39607
29726
29074
42530
48299
3539
3412
29482
26947
35406
22580
14640
31903
48408
24352
9282
47126
19632
2327
25856
8142
6678
18208
15185
36873
3865
40947
16370
6798
16615
40688
19164
1777
46345
5141
14345
40264
17970
38419
44186
9507
37244
35730
16692
17139
29131
8594
31838
15560
21015
38555
46046
35038
15853
8347
32347
20989
39769
10225
10037
47219
25872
2423
40980
27464
3575
19964
29193
28063
46007
37167
48748
40536
4471
22341
38859
33301
18523
15091
22166
19030
10277
31772
12715
1931
41671
30724
7202
150
16865
8518
12824
49566
27851
14515
26197
33234
20848
8930
16470
10559
49285
41871
31018
1767
26240
36837
9244
28159
46815
21946
22740
35198
48620
36024
28500
27754
32322
43394
1180
33608
11194
20921
23992
45125
30189
11590
49322
44519
25440
433
20904
41268
21331
13748
12449
25201
45789
42075
19294
6428
23461
24710
32012
5171
40407
39639
45410
17551
49819
12022
34644
40230
4894
32000
48628
47682
20872
23776
41098
45510
11949
41040
16695
26420
26150
47852
14666
37797
49089
26698
40941
31753
1972
23084
29924
27130
31096
37976
45323
9410
45988
40882
38029
4576
12543
1957
8085
21544
28280
15821
1923
27175
47054
952
25582
19106
21214
46254
18371
36485
25031
10782
18714
18904
18051
25834
31206
42954
8303
33095
6275
33404
5818
25326
22742
29742
17300
7004
4285
33226
25022
1734
1424
23519
22728
663
23669
16506
4134
39597
33786
16192
25037
48190
47100
4713
27523
36628
8267
29806
31161
21356
28394
21021
37015
12422
653
5749
22339
10669
24893
19433
2860
13773
38910
18724
47897
40520
4627
49869
16903
9848
38372
8587
892
30544
28013
9495
31895
32090
30488
23901
10228
15818
16294
28015
44944
7439
4220
48256
38747
19279
45481
5444
24198
5623
27244
13925
32265
38693
12693
22136
22904
42228
34924
7219
24526
5325
46209
43264
20337
38891
31603
11798
29037
29141
11025
20389
7273
31548
43972
24931
43642
42213
41741
34544
26767
39762
33767
28808
47147
17588
25510
24106
37326
43447
2711
32175
33866
11883
18450
14705
16484
34299
23457
23062
15968
37369
9862
35096
37919
5008
5567
43424
45170
43499
34948
24141
12008
46262
6148
29612
32947
36803
23050
27585
19289
19188
15820
41500
27373
39228
13985
6030
15740
17630
6949
190
24787
46734
49751
38144
8985
40871
36984
8009
3368
26261
20106
48254
21893
30773
27622
701
36680
20744
25974
38613
11562
47388
23246
22071
138
29428
12463
7932
36767
3015
29937
20837
31487
28222
39689
12029
777
35567
28838
32491
13039
29584
28778
21353
14192
46926
42161
26604
1751
696
18034
9569
10700
7497
9953
41576
5846
29638
3770
20327
37322
36579
29679
49550
8795
7444
48830
40607
43392
11869
37481
11123
38376
45741
19257
20608
44599
27106
20746
22719
33744
26447
39327
17925
32339
11620
42133
21436
18978
10394
34727
11552
23016
13048
5641
26847
22162
33325
46364
44627
15462
2043
16384
47112
37344
2508
33503
26523
33923
42386
7694
21799
9108
3063
8696
46839
13547
25290
38602
31444
46498
48689
18130
42775
10363
11950
2667
20158
24519
46919
48778
47059
17502
10639
19130
20791
43488
28536
22765
27619
21671
32385
19927
2910
34045
35534
37560
2837
28527
45985
22508
38765
34245
2366
40953
16034
9251
29895
24815
5891
13752
90
10314
9485
33684
45560
10997
13976
9114
1959
45049
29432
3871
6078
15357
34395
40227
5728
14362
2692
34741
48076
21493
5654
48488
33904
15679
17379
26514
17765
29051
48277
45662
256
23867
1392
35695
46453
19453
18146
28807
35315
39984
15359
13119
3252
40728
27123
9844
37402
20366
28455
19974
38759
43164
37370
30494
46299
39618
17546
272
47932
34129
38294
30119
5205
11122
16236
31189
43740
42452
14723
20035
48034
42061
23819
23005
17838
36952
23791
16931
14519
23718
31374
25989
17515
42408
14131
15848
47577
33263
14766
32946
9742
21903
12017
10400
31781
38629
3740
29181
20278
22017
6980
49399
1898
15486
44710
28560
18117
30755
11478
11119
37073
31121
20306
29214
9759
23845
12708
33958
13413
17227
40268
28198
41237
20800
16608
2545
15160
19061
34980
12624
36219
10100
30801
45801
16108
13933
19805
40641
23363
46005
10297
11725
14553
2164
796
16222
48395
5679
20322
12583
13665
26880
47576
29906
27442
43022
16781
34358
38261
25374
15210
43806
6008
1955
32331
42488
22942
30775
9032
23674
7279
41710
42272
11422
36294
46666
49885
48776
48373
33577
44070
42812
12582
24397
27866
26915
17409
2986
5318
9827
5222
9243
28693
8107
20195
16953
6557
34452
10332
44318
35133
48356
43553
48708
29240
42042
25038
36881
42471
45680
42957
27880
29882
49052
45309
42732
40783
14657
35540
11097
23574
18365
3707
30403
48796
20524
9799
39956
3186
16910
18226
5232
10161
47587
49445
30328
12924
3481
9496
18219
34876
36743
9203
14099
6242
30679
1680
12546
29775
13599
35938
32779
31117
6395
11823
44929
20660
4291
12086
22683
25566
16278
28011
23636
19352
14804
27813
23417
20724
42541
44291
46731
45763
25896
36599
19109
23709
5931
37352
46724
37501
42761
35643
2256
35752
13286
38967
35840
47642
12408
36704
37761
6820
8864
21246
27006
40611
15664
11688
49058
10843
12941
32151
42763
3935
12499
39851
45750
12483
47618
35706
2709
21314
44776
41708
49010
4111
3735
41269
8767
48213
15187
29211
24378
9667
28624
36507
31686
3225
9494
24070
11888
8718
14908
46292
852
18553
20358
29820
49851
9464
15907
21866
44923
15302
13360
2250
4959
30722
39191
30814
42217
15460
20037
47416
46390
8475
49204
4636
26619
25952
34884
5600
747
36138
48580
33392
26051
48673
32378
41585
39798
26945
6779
10480
37426
42738
21945
11015
1523
44263
20267
12058
18108
1384
22798
36935
75
18011
9182
24204
19705
34749
25784
37724
48242
8572
29908
35797
10369
20015
26696
24583
24162
13472
8385
23964
32419
26627
20033
17196
3184
15161
5886
13731
1920
29744
46075
47267
13551
18392
3785
40957
32226
10292
7800
47708
46034
21326
36705
36008
6436
11160
34244
46241
21456
10703
42567
27783
12937
18167
49950
45504
6719
5059
20636
38841
29252
45249
24227
38162
2208
9102
15073
34436
7718
43887
26949
3111
35704
42899
31359
24318
46274
22402
4019
33451
348
47488
42657
7969
33746
1461
14379
41802
39103
17857
7156
34899
13077
14864
35989
9817
37036
22231
8659
39713
5372
49956
45210
4587
1960
29774
36377
2356
23488
1697
10324
12796
37416
7038
17571
6056
37967
1681
20839
17328
14832
33282
14210
10294
19883
7452
36948
5125
11159
28622
27769
13836
33399
9991
4643
40770
3614
15234
47352
26104
40807
35481
24447
6422
42374
32663
36103
30063
6985
25450
18581
20005
434
46711
32853
9178
41163
7135
29793
37716
32796
20801
25471
26892
24600
33453
9344
10241
23305
1056
21065
40411
43330
25423
31282
26315
44784
45348
49738
14507
48131
8435
3061
30759
39465
19771
12146
592
6626
40569
29684
25028
32891
11136
6613
40103
41058
37193
27168
13116
34226
29865
44061
7461
17689
11494
21552
36420
47808
5524
18404
38996
37572
19791
41743
23651
26657
22351
11120
7339
44364
12252
22811
19936
15522
8907
12189
18964
34284
39749
27145
24309
40030
4119
40410
24656
17171
31899
17767
2099
12103
16543
3338
17380
6709
38205
31916
44645
30716
9139
40566
43218
9741
27146
34109
40543
23227
20447
37900
25530
34671
38501
37854
42789
43935
41339
11689
29256
201
22041
2284
15104
39305
22983
15870
2683
28539
39880
13236
11559
2317
48429
33809
7999
38124
7120
10987
881
44306
32517
23447
5295
40478
23932
33571
12093
43308
21433
32373
23894
23301
5927
7724
40145
1925
39349
12318
31047
44959
22090
28698
25167
10571
7661
45326
15677
35399
40035
4425
47903
48375
14784
3849
12323
1223
29023
45234
20938
40091
42238
40614
24588
26269
42611
3380
12242
33789
29103
45855
7549
7610
26937
7340
39122
6001
7912
5960
1436
40633
3845
26593
40312
12
22885
9561
47292
29935
2197
39920
42566
43964
26728
10795
18570
33015
17755
48812
21409
15246
31479
21815
44434
41877
32420
42871
20860
18255
39311
22698
10744
34167
18497
44328
6896
29622
46228
40451
16055
29449
1926
24929
47065
25053
292
15909
32053
14106
31806
24331
23241
6278
32179
25044
29061
12975
44366
3385
2477
38567
28802
41381
8098
20321
45088
47994
8819
520
29379
5561
44967
22115
46280
26062
32887
38735
1341
40682
19241
43600
8472
43093
23060
28587
14865
24214
31194
24977
49663
25725
33711
35023
15556
14150
25560
35621
42666
42204
30558
40460
2079
12270
47083
183
25561
2088
26184
23202
15598
45807
35737
11706
46026
12444
17029
15263
47807
35053
38873
11639
20728
35896
26280
16328
23850
11927
36392
38287
41055
23829
45331
6330
11253
37037
49901
2071
30383
2412
15813
49457
36198
40071
792
3887
5781
23218
1302
21030
27229
19113
6145
16127
38547
43418
26727
367
34337
620
10248
16906
47338
3557
5138
21942
3667
43367
12780
35067
2253
38418
16703
45259
48864
10251
45016
22472
37198
16298
44889
29940
31975
40452
38106
5786
27677
49097
26686
7514
26142
7425
30426
10491
14958
39675
31358
38764
15146
16319
35972
3282
43469
987
49932
14039
22399
37296
10399
20281
46630
16419
5479
10009
17270
7009
42244
38185
34063
37043
39940
215
42508
29076
29056
33169
12776
30961
9898
1345
26742
18769
23357
17641
25684
30389
36518
47747
19543
203
44684
8533
34478
22577
43602
11616
48294
18502
41797
2739
2916
2388
10098
24138
24153
33980
36905
26206
32764
35863
43171
11495
1758
40664
47925
16693
35509
4884
24723
11291
19120
13991
32877
32866
9474
37883
42104
32069
31902
6031
43292
33114
32471
25091
49659
46003
15997
35262
15338
17921
36619
9270
33978
5921
41292
42116
32418
25118
20883
39407
4764
5703
15508
21073
13097
31520
33615
4968
39963
3108
49149
21681
28154
9403
33681
37284
49745
45308
42524
13539
40173
32372
11718
21048
13711
38899
12209
17677
27149
40602
37411
15350
5309
39120
16359
29130
20753
25619
8471
17212
14361
40317
24972
36320
25552
8017
31734
44934
9207
49526
24210
11188
19881
29314
11045
48565
26586
6917
4305
12916
28395
13645
42482
33382
6536
1245
19048
47372
26629
4100
40895
30608
21264
35688
21617
12498
4601
27512
12054
16401
21920
48382
37696
22663
25124
21040
47844
40246
7396
34264
4929
2529
9112
13322
25961
43400
17237
8516
34165
22445
29090
26850
2788
49593
15354
41472
20845
27284
25190
23991
49319
9490
38456
49762
35278
22750
38948
32951
16415
34133
45209
20115
22347
46994
14809
23530
32722
33578
28940
35218
14999
10964
4362
35985
37063
877
19399
42991
11176
8814
21976
32135
10026
31355
5122
36672
49389
48811
26764
44996
47362
20717
45096
10881
10135
27089
9396
32520
46867
40810
40040
44893
30737
46302
22206
10566
5456
690
7287
11788
24795
6657
41536
5772
4920
12107
34339
17934
33308
25017
33224
29392
19877
683
48636
28966
31430
21000
8836
49274
15952
9524
8620
24005
27847
904
46856
29832
11668
47705
40325
5860
24861
47841
35646
33027
39274
34200
13785
2349
24324
2069
39480
35965
37410
9789
48088
18481
16414
21120
20942
1500
37336
13057
22049
41723
15607
8187
46723
11864
3312
49247
42619
22690
9156
45075
31070
25618
39992
21049
9080
12985
31897
42462
17456
39334
28332
10612
19786
3182
29381
47164
30157
48793
27035
43384
26843
2747
11855
39604
28933
11312
38702
2970
5177
26235
32867
40674
33480
3593
29899
12616
3627
42585
49549
4568
3173
5131
4577
25024
44909
6515
3344
37954
43297
18919
12522
25847
3884
11996
31793
10268
16046
13810
41330
5549
21864
9423
49186
12180
9584
12105
40016
16996
30418
27731
12960
14127
44016
49466
7626
47629
13666
2251
16020
40257
1041
22976
42473
49308
28370
43318
39216
16250
13178
22708
6511
33398
4414
28842
41343
17785
44164
22772
29692
44674
28312
47914
13487
36236
35725
10837
31718
44832
46774
745
38207
41803
4900
42370
18284
27700
46027
25132
34716
46962
44043
2639
33077
17489
7399
6927
35018
2640
48750
6029
14172
14649
10799
7164
30094
8967
44044
38026
24427
11157
12467
46948
9750
7997
33054
19320
44226
25674
16679
18413
41239
39926
45375
6047
29743
41571
16649
14372
462
3171
8326
32239
44578
3077
17007
15544
7186
25143
27752
30217
39160
36575
9444
38092
29402
44433
24900
2615
41142
21712
27445
25693
18196
46483
33832
30545
23008
14381
1967
16321
49388
40042
32486
9871
36880
11961
26328
16762
38233
42955
26677
32189
22248
23105
40715
42652
28489
14468
40669
11861
23801
19186
46236
29154
44639
9707
13757
41941
15254
23481
32878
5036
3695
8338
18860
23697
20207
1402
25514
17652
24443
28152
46072
5879
34099
20457
15059
40755
13339
4947
42397
8851
2567
27455
27924
29959
26806
5224
49076
41784
12687
23667
22843
31166
30470
20864
16000
27361
14632
45862
46559
5974
16125
4361
18468
25648
47623
47075
25960
658
7836
45385
17426
48651
23748
48928
4121
1173
9946
6628
32215
37610
40428
16117
38209
45675
295
38663
35209
36331
30175
14873
1164
10632
35931
4609
29998
25075
34878
1447
49770
40219
48053
32451
30234
48516
7375
24323
9923
5946
36278
362
42512
48174
39925
42898
45194
25588
33196
22313
380
208
30914
41365
26254
1207
27073
28333
25094
47877
16987
17488
26120
6229
2008
19343
23054
28479
28909
6193
289
34356
17304
18307
14826
36324
31505
18415
2999
40431
27774
31577
38926
42861
23002
38654
35523
15525
31960
18162
5124
41769
31750
8400
11211
39443
37578
41214
14748
19143
2025
46159
8495
36380
3848
27118
23024
24968
9296
15710
49435
47624
18215
20148
4908
11899
2188
32190
26752
28123
21692
45997
19730
48510
48592
49127
25480
21725
31483
24464
36
40983
34035
5465
30964
13154
1406
17650
32026
22458
11224
9376
2393
39716
32989
27407
22821
41469
25697
14078
42667
19178
39378
19389
12783
26291
88
18701
22564
7197
1248
33055
12400
40606
48771
23497
8517
22343
23767
36650
37617
28953
36459
1600
31292
30625
10148
27575
46210
24709
20283
24040
32118
30813
32087
33696
16291
36657
18340
10820
12902
49489
23279
49296
1581
14596
14825
38845
13623
3886
4684
37143
43214
26226
19386
44262
17349
17106
36543
8993
26784
33469
28400
38531
38270
14392
24017
17886
1858
45334
1747
1622
41128
28862
35064
14577
4852
22219
16267
22563
6435
18438
11103
49330
41698
14513
23281
47489
42868
1058
17978
6997
29591
39641
38126
40827
32785
35686
15856
18932
20537
33634
22532
14354
5475
11442
3635
20876
27613
28331
36367
30899
20651
32913
23389
39121
3053
31737
24854
19011
5354
6044
28473
19689
23782
567
24422
6456
7953
8558
37564
40058
26047
31141
19174
17351
7077
12411
25871
4977
15102
45858
3130
35577
25399
47044
20467
29102
33918
32997
49170
38268
44764
39619
32626
10485
16097
39164
47574
34976
4197
42138
28230
3356
26799
46744
649
27173
25608
9449
25657
48683
34373
4676
23713
31156
10029
1803
131
40556
18823
42163
43148
2915
7043
17737
45653
48445
45896
16532
8903
29883
12885
25150
8987
11790
40784
49348
21183
25899
24937
48598
46229
25359
30765
11906
46107
15985
2523
38221
19690
28631
41864
46511
6160
41432
41855
14268
7875
20054
30910
13737
36569
41157
15086
19597
13388
6079
45975
30501
47763
39859
7488
48059
26689
31241
26800
23735
1409
28674
36941
33261
36918
24777
22194
17651
13301
47321
31062
22585
33148
45745
33990
37561
49106
43971
15857
36622
2600
49179
3235
28293
309
41634
2231
32889
32557
18434
22443
33450
24209
6809
48272
32820
31801
14518
40993
18582
29510
30038
26201
13967
9401
44322
46148
32010
47692
42655
15839
41645
18681
3437
43110
23259
18156
3813
42130
9453
29107
35918
40027
48453
25338
18100
46735
27568
47153
12497
14125
31122
44106
19132
46974
3561
35328
49187
33813
15007
3866
17818
44420
45212
36753
8609
6859
16205
27984
34234
42043
10569
43206
49132
42792
28234
6540
43475
45463
38290
49150
13850
28343
12653
4926
24
30942
47621
7051
45911
35455
44790
32178
43029
22601
38255
38709
646
37916
30276
11492
31134
33140
2159
25881
8420
48544
9767
5761
12039
9572
40305
25789
32569
38448
707
8374
27989
7824
40456
2780
28160
31073
4369
28065
12245
33528
47868
35073
24346
23548
40811
6712
27661
40191
44625
7946
47365
36362
3726
16387
16076
36149
30567
11397
41402
43942
15800
35343
3826
40296
21335
40434
10106
37842
21522
48267
24269
9006
3666
40894
14012
16992
9777
29177
24573
38982
31225
15965
39927
49209
4546
24502
34885
40211
16633
46686
31033
42764
40651
39580
15410
25605
6120
35935
43377
29065
4952
22012
35269
14130
31596
6059
45462
16832
14460
33535
27448
27157
11137
45566
24238
6472
860
25963
6429
17075
27028
14882
42603
28805
12055
27341
7446
10572
8236
29849
44738
25816
46349
26614
46864
46796
44198
45956
10144
6233
33494
45567
45215
4573
24488
11665
4350
8525
6281
41107
14636
45335
31783
7668
49104
36332
33921
27511
48865
49345
24090
46471
28501
35878
14095
48324
18814
42806
18457
643
38172
37341
40084
42475
29279
14919
16915
10071
17724
31695
34342
11146
32706
31826
28948
49671
32253
23785
36536
17614
22453
33932
26391
45832
27056
4611
41922
20290
40832
17393
34456
47659
43530
42650
39496
16570
12476
24009
26643
9052
6055
7001
20896
4585
25698
25472
2887
1860
5176
28881
16019
20212
23346
37422
5768
34888
3901
36319
24813
39867
21631
45932
49223
32558
47812
36212
7246
20059
35037
16702
14943
31776
30236
3345
35339
12317
39072
46651
15792
49793
48686
14293
25763
40307
47151
11141
26164
3508
35311
23063
23450
14313
27252
40293
17676
27298
29797
19439
5486
5758
45409
44431
6374
41885
38284
31623
49523
4825
3233
22355
7529
46112
47444
5791
25212
42480
17189
25305
1413
23090
24713
6534
31782
40158
9260
4387
34246
33192
46938
8210
666
30440
47063
32955
45501
1616
46392
38835
36834
6785
16523
34806
20541
48094
28580
45186
15586
47406
17027
13188
28338
2825
26305
20488
3803
920
21587
35194
44941
11327
5217
19371
4507
11697
31131
6772
35457
7929
20755
20391
46115
6624
40375
28203
33173
47110
32180
28492
44388
38104
29724
15201
22097
18678
14527
17214
42897
36100
38077
33145
49547
41474
21369
16636
42152
14391
11542
15249
48819
17945
25602
4864
6237
45799
22120
207
1958
33902
10512
41324
27865
9520
35898
37066
25861
36903
49397
28360
26884
5604
39523
30212
38946
35028
49246
25571
5152
43359
17891
20561
44212
27139
6026
17760
8219
47260
22506
37403
6759
20650
14067
19528
32487
21589
34001
10282
22931
23337
38016
42231
37160
38816
22625
40013
16358
24565
5869
39658
20433
47389
15734
17091
10236
40875
1088
35058
19017
15452
25025
19180
30644
12115
11502
30334
1075
40095
10896
35763
40292
2461
38079
4116
23186
28334
2157
34908
18121
22988
30894
12009
48814
43502
9399
43700
33271
40072
20049
19625
42534
12818
31138
33193
6755
4889
39194
19845
3016
468
26009
3336
47438
36856
39833
771
40043
11690
1887
29829
43168
24773
34590
14148
24037
22528
29923
45033
4697
13473
29769
33989
29506
7851
26881
46294
11440
329
11084
35297
3255
35350
38642
46234
24072
39032
16736
3958
19041
47656
43814
4104
25278
22752
14286
18507
49525
31683
1014
788
28780
22747
1222
45084
41563
38404
26664
26656
43019
20008
16593
21685
49601
47789
11970
48527
15169
37098
29084
47783
47499
31744
32527
14238
14087
4788
30627
14744
35818
27446
34104
29605
28856
38690
24823
17637
45802
17919
18472
17880
37510
47140
48363
38780
36883
36051
20082
28211
28422
21375
45099
13564
1660
1832
40517
6086
45244
32969
30868
46140
12636
29396
23311
41781
35313
43037
31078
18388
8427
4012
11244
6157
3888
42630
31722
46482
38976
47805
18032
23874
49638
42896
512
21513
45588
18151
41722
40758
43357
29236
7638
10967
17775
44344
35648
6877
1163
23197
27836
16402
41923
21625
41994
43251
31223
8976
44454
7014
38864
7347
41158
31756
15173
11924
44494
9295
29161
35441
6869
46119
5710
36861
21634
28126
8722
28727
26571
31474
18225
34441
18691
44088
4094
44416
31993
31301
32137
11802
45558
6208
3037
37404
42538
31671
36560
10126
12974
34552
49310
48930
12513
44972
24714
27789
48742
47870
13869
13042
6644
19545
43107
24355
48874
43730
44712
16307
27919
35427
41367
11716
13437
45539
10335
4617
11826
30064
33601
41926
36817
10894
12560
44847
39243
16496
13224
21023
36256
37833
45904
14617
1023
25416
2583
38965
14729
44169
20493
17864
18140
26082
13333
38373
42459
43073
17083
33454
16587
40508
24618
12798
45311
13735
15729
10411
47467
49579
37358
33743
6442
33294
21468
30732
32806
35890
36614
22109
4182
27960
18938
26398
35062
19267
32645
36098
2759
35741
43079
914
7874
36858
13408
48889
11708
670
33238
13624
47710
3421
44222
39598
23484
11296
28773
23760
41111
29789
40167
16988
38
27990
16901
41519
20162
14754
41714
37079
22675
46326
47735
34350
44380
807
5834
1382
28328
49382
11581
36854
38330
49557
23359
17257
11466
14294
34770
41615
27011
42094
13558
41369
8895
22953
25401
36624
15362
7872
22140
43028
49786
23927
42180
47441
30336
14382
43576
16590
36366
11634
9359
21306
30381
15900
21316
11791
46205
30487
6003
428
43497
24025
30259
26284
37356
47349
1162
46307
298
38451
6799
45126
46670
23495
11683
45629
7761
25918
5820
15029
19891
49882
3943
13260
558
46009
48204
45485
17992
12529
32841
39840
49617
8622
7806
31558
45324
21171
5033
41672
12430
49298
35758
9085
8651
42618
22380
20050
37221
27055
39038
20818
41417
12990
41946
16155
44763
944
16476
6379
26319
35921
16088
791
42192
26962
12891
22320
27570
36644
8929
22151
37997
34288
1965
6788
25081
25474
47203
7731
12324
38208
22582
953
45542
33685
15931
24673
27134
32028
48650
49605
49443
39816
199
47795
4394
46902
714
7822
21131
38039
26983
34928
4381
10472
48218
11575
7328
33218
10175
47272
8431
45403
34471
14270
29080
33948
6616
9301
24088
8861
47743
39578
35660
27439
30108
34607
30926
6681
8705
21285
48151
41660
25157
20598
35597
3028
25484
17898
17215
22602
28725
20750
27717
36748
10652
48694
4647
659
9842
30125
14403
17567
39644
31021
36625
4695
1090
42949
44255
33397
27838
27506
17451
47563
13456
38850
27153
19942
36835
38885
30986
18136
37864
36456
29032
39241
8520
22214
4140
26976
4581
28110
18464
47513
40796
23942
1769
1206
7149
7025
27927
41418
14619
22510
49691
29275
44215
30917
3249
8086
13535
21807
7200
41350
19103
19691
6386
9040
22114
16787
17441
45955
35693
43245
12085
44582
48220
27666
12977
29278
6019
42846
33959
6478
8538
31773
22023
21883
5093
48876
2653
341
27648
16199
855
16728
11087
26137
40313
40931
34903
21114
3979
6304
17874
25095
9701
42229
14758
43884
12959
44602
38154
26996
44704
42210
25117
38080
45816
44740
20180
1911
39205
26613
3809
38790
25958
17068
485
37739
10526
30486
43511
12191
20379
20487
11345
3259
25097
28059
22170
8765
48873
21050
15206
36813
39881
6010
3447
39911
44300
46915
35866
34734
7017
4360
23994
40467
23152
35632
31541
43200
44145
31979
15289
28830
37565
24118
3166
7913
5107
33270
12427
44669
14560
36647
27079
11411
46773
18178
45256
26540
32759
28232
49115
35640
21882
36659
17955
13708
36597
23266
38681
27219
34203
35628
40583
47770
29539
19972
29400
47482
20646
14462
8353
26741
49954
32141
39188
13091
23221
43300
1795
17927
44797
41693
47101
30289
9884
4531
37558
28520
25929
23611
8931
8126
11595
31203
35143
31729
32823
38713
10878
20789
26825
22761
37149
34964
43378
10884
6595
18442
28951
21185
19009
43504
1764
4409
39128
19108
16930
31957
14848
45718
1740
23088
2161
8499
43174
39663
16450
5067
18095
48047
9136
39262
35895
42361
10341
31917
27491
7478
16554
40902
15125
48542
35997
6831
4171
19156
31876
18260
16585
581
20588
29754
40913
38901
43722
17317
401
2864
46057
13277
41834
27343
9548
7756
14142
6575
46389
9416
12281
35594
23956
37086
45815
27019
40354
31039
28498
34844
37568
10923
48857
30269
11476
6227
35279
2637
19819
403
11763
34263
4550
27164
7866
8052
30412
18953
40110
25077
34629
27668
43302
10099
33081
26564
30998
24720
20461
25579
10186
35247
39287
44144
15114
10045
49551
16790
20642
795
43715
16002
10947
45192
43109
17279
12732
26971
869
46443
46599
30399
14675
33611
49253
4328
19934
1794
10018
4833
43789
40404
40248
14608
3834
6733
38118
40967
48863
14575
25842
43879
39408
35472
35210
21575
8322
8007
48433
20206
19307
41314
32607
49644
34449
22549
13800
35798
48504
43599
5798
24362
45650
10535
1417
40964
1271
25331
5013
27169
5405
38322
10694
23014
23245
42262
31278
34606
10925
9769
34408
28350
11290
26910
17420
12210
36853
26427
31337
20024
15162
15534
49180
1329
21922
16235
39861
29380
32269
28273
41887
209
29002
6989
41211
8114
25790
23010
2890
28117
8649
2530
2487
7105
39342
31348
6293
46357
10859
8694
9655
3270
7707
7510
3422
31458
1418
335
25233
17154
44778
18244
10036
32424
1644
2632
16003
18825
38854
45090
34952
31300
14940
49836
26626
19383
10289
20803
48499
34802
22959
46953
27314
39929
41636
10085
14924
20570
48626
12951
10873
25008
31139
32804
13980
37712
17367
47718
12310
33197
9570
37477
49151
47247
10607
26203
27047
10816
7893
3472
9478
32845
46211
28970
5235
16825
43102
6419
20257
35779
8095
38725
32542
24851
3098
41766
16701
10222
49416
40681
13199
13183
43893
12878
25512
4002
10554
12403
13641
28106
36005
35835
9419
45727
44007
26017
34328
48772
3220
32466
45313
39601
40695
33171
29858
24712
9223
4679
15558
30516
22031
39564
37733
14423
17152
20114
25110
14043
39137
26926
529
26105
37643
45081
30396
42772
48069
11355
43320
6284
44584
12502
8231
6444
16400
23891
19301
103
9819
38998
33106
14223
41478
15421
33452
19044
43965
7464
6206
4474
25492
15012
31413
14140
28132
33380
3693
35394
2877
17987
19920
36012
20760
9469
46909
20973
32275
33900
2378
927
32435
31501
48396
24552
46333
45451
49917
47148
43209
9764
18410
12099
30860
23625
39473
9635
11042
15123
22396
5371
37580
16539
37262
31809
13379
45332
13941
636
3743
20675
33026
8845
33637
18757
17406
22746
23985
11650
12827
34745
45794
21802
11070
26159
49047
37462
24636
25747
46284
3892
4292
47408
9662
40271
13494
20201
3208
24307
1195
41631
39037
44926
10705
33914
9120
1076
46812
10654
33992
8294
19763
7170
34071
16854
42121
12984
38668
34539
21165
16369
8439
10104
38500
13868
47350
39966
39297
3463
34868
42737
5975
3914
36994
42750
37819
32834
45302
36542
49984
35180
38538
1214
1030
41487
46605
26974
40224
20091
48562
32977
11641
48335
32318
4374
13284
30166
11612
12936
44089
26554
31089
41791
5926
27009
38639
34098
18281
13306
44695
19211
41329
46677
8162
43664
32816
2471
30925
9775
2246
17669
225
49683
19823
14912
5787
46448
21761
22681
13285
38253
37359
3360
23148
2090
35118
5332
46367
6688
20231
40131
21365
21521
18376
19313
1507
23948
36200
34792
36617
14702
22560
6482
46025
31222
9153
217
22295
7240
769
19921
27726
35362
27024
44445
19340
47085
12280
44246
48661
37316
43481
18272
7369
42067
6691
15691
24080
33530
8713
38392
39463
9766
40499
33159
2539
36957
43461
23577
27840
48421
36458
18901
32578
47846
38893
43934
31248
6865
6300
8063
1439
44870
16908
21730
6176
25041
46036
43992
25517
20062
31694
16230
1472
37889
10434
12038
13588
47622
18622
44652
26213
2352
27189
47554
18627
3906
32122
32538
35969
38987
41152
10131
1645
7674
18338
2729
10966
178
44904
49555
26076
40722
17768
34139
35045
11695
11676
13864
47290
41027
17872
29234
7769
37264
39375
35605
44936
43568
7244
1636
33008
13064
4794
41256
38549
26431
4164
4780
33328
27140
33955
18625
34021
49858
45167
37070
49065
17078
24699
49439
28690
18626
3704
22537
40382
44171
15060
5601
42874
19812
39197
28285
49444
8680
11766
42021
841
33638
326
21901
18829
4434
49696
16944
34169
45226
8599
18664
19508
48770
2677
19128
42098
49473
34670
4468
4102
33648
26183
24558
47566
17390
14637
41088
23629
19572
36104
17908
47830
2666
28480
20500
49731
27282
44475
35973
49260
3054
12762
39369
41810
27460
14112
5696
36023
42768
27380
14454
5086
19385
23747
14548
29677
34047
27710
5944
14340
47375
42481
3810
6903
25613
22612
29653
30619
43803
43951
25101
230
4525
30809
48307
25527
37589
38054
29810
38009
30725
22127
33440
15274
45557
27565
46160
48855
19221
46623
17295
46098
29026
11516
11773
28286
3169
22940
19382
35471
34053
33929
9355
27261
38455
25424
10683
35736
42985
16374
13822
49789
25429
48402
24791
15802
45057
45872
44693
33949
39592
9172
790
15069
32623
16343
23815
26700
48617
37053
49779
40174
25406
12219
18835
28954
37911
49899
15218
18416
37200
22948
10854
4480
27763
644
18912
39233
24744
44346
27288
49977
44523
1528
26462
12357
29901
30100
41894
4832
11395
22566
2241
23657
31676
8637
17010
37584
10
42843
26721
20840
37921
22813
19451
44954
18254
42091
5246
43888
15166
37175
22051
41411
49614
49394
13466
12604
48312
15470
43794
36125
36730
45856
27634
25145
24129
45229
25149
15178
20460
5844
44207
35322
27811
20795
34058
45292
5262
9869
43596
35828
39260
2796
43800
16247
19871
38743
31313
3825
27937
42273
45826
4440
45441
41442
30947
48348
10758
45061
12248
22835
9043
8300
12157
38517
1319
10088
28070
46424
49585
16214
33071
49801
5499
8437
28103
45336
18927
28505
4091
48070
15164
15305
37168
44417
13979
33492
7118
6470
35213
47664
43425
32998
48995
34616
5095
32279
2140
29946
14229
14652
7301
79
25500
34237
44880
40934
18135
2434
19998
5054
28614
35202
31212
32193
21459
7125
35595
29488
12847
15282
22859
43726
12856
20196
12686
17360
21107
42973
47361
29651
32303
27701
31493
25715
48933
10495
1558
10059
8304
33699
3558
45100
19491
40822
15637
27966
10428
20474
31937
22810
30741
16975
30564
48989
19931
43805
22218
8673
2544
37266
10719
41747
6430
44591
27430
35439
16336
14271
2291
18890
29771
1394
39368
47995
41828
37650
48775
49540
34929
28177
9724
11242
25659
45959
41857
26442
18133
35581
18762
17447
1604
46329
43710
33515
7871
9397
44017
12682
4053
16390
8519
17142
11413
33873
12421
40284
6857
29005
39376
43085
12736
8177
1357
7002
21548
49320
8634
34396
3285
25296
6665
23379
44309
30384
49931
43636
26112
35017
15938
46099
7880
373
4774
14302
43676
39649
28943
18492
31971
2748
33345
31564
14191
1489
19008
28625
11692
49311
6642
9191
33316
13439
6814
37355
40545
18772
26395
34117
32105
47837
32632
29975
45265
36389
33640
34371
8869
6916
19588
30670
13606
46865
29299
39165
17354
13459
6337
46810
40160
42478
37618
31296
48140
45649
13361
2973
2550
22826
33613
12482
45281
10471
34422
21231
40726
1924
15793
20980
49672
765
30569
37313
9617
47551
39007
15765
2853
33865
38316
25453
27198
34546
5322
33504
4384
12500
17265
11283
38776
25184
41238
19477
20259
43613
4545
3872
45674
24271
26707
11331
22916
24717
25822
18448
18981
49018
42034
46946
16994
7861
45665
15401
4338
25591
46675
40487
27444
45303
49291
32856
6488
27295
41484
4151
34907
40352
25759
31058
21039
40512
8460
40658
18680
41380
33455
5705
37520
27567
27735
2263
22572
7260
19238
36356
14922
14176
13550
29978
1154
2909
20134
25283
26281
30675
28109
40617
5854
7079
9776
44294
23388
27214
49078
27733
18514
8042
24912
717
27025
47662
6215
35071
30065
42596
43111
11844
12644
35624
19123
43465
45478
44115
27038
28670
6339
37698
32316
26325
23943
25179
32545
19121
10555
46662
20441
4385
45067
36989
34836
94
550
47053
9863
25969
20053
12089
6246
4733
3058
14448
38361
42599
34191
30131
815
27719
4449
29862
13774
15085
44854
8901
40820
39799
19716
15391
29896
30768
6332
21221
38568
23434
19222
27914
40835
37135
11963
42048
44646
49802
29375
34416
16683
39651
7440
45669
27530
39002
976
35642
2675
31624
11907
49588
11237
29024
30575
36428
20951
31946
29995
5498
23299
36184
25215
28777
26771
36977
38532
5427
10891
18005
48978
4528
34541
19458
30758
29562
29757
11816
34283
32822
28783
20305
21953
23232
36830
36850
12601
6663
48936
7979
43247
26980
2000
39626
37506
47073
39384
18384
18795
15296
29872
21574
38193
34953
4863
31264
999
27045
24169
26354
20469
4283
10370
32063
7059
22844
33341
20208
22432
5030
33915
11437
32566
45865
31662
47036
17018
17036
34630
12992
15688
6824
11215
21627
22131
46986
35537
25841
11994
44971
32627
40288
15165
31195
8422
4662
27913
44376
23740
10086
46768
36712
37895
42877
41069
49
21265
12999
27818
44606
35456
43261
1235
1115
5720
33779
865
26375
14261
18656
34580
13120
34008
40168
32481
29004
36587
33516
32194
44079
21840
33963
15209
2004
34997
6936
43874
24874
38933
27922
45822
7292
8203
17479
34054
41102
6390
17781
21533
13452
30853
8246
47762
29713
21845
3543
11022
9723
6885
27068
49114
10288
37776
45518
1522
24077
297
10704
46019
396
11946
15855
193
4177
39302
19040
45391
43778
39938
6503
20846
22454
26722
43702
14252
6837
19894
11521
36417
6943
16468
15758
43623
49844
8295
5512
19445
8866
43880
15766
34384
35803
344
33220
23486
13759
10617
37454
20908
30124
48418
34695
26598
25733
42162
7270
36845
11506
3596
47487
20285
12805
17861
42981
22575
8023
39822
7734
11271
43147
589
8050
42754
38791
21096
1509
35599
26628
41783
5511
7677
8588
3391
49596
32201
14388
31990
48500
46542
1992
15259
47131
12011
49736
40675
45154
37456
18227
8584
49553
10133
28663
14437
8822
22327
16196
4176
752
257
45931
22562
39965
44064
20149
28819
30962
1423
45713
14474
38788
29997
24089
20235
41295
8066
27923
36375
40638
14975
32931
10033
42199
13155
16528
44881
42958
22139
20770
46116
36653
22150
38565
4589
23153
23881
23159
14718
988
36755
45195
4024
4646
9231
28928
25948
42612
31022
12680
14846
29063
43963
8681
41890
40666
19707
3835
44066
14266
1457
37566
27362
45437
40750
12446
43401
36843
18560
20315
19826
38984
21027
19554
12388
27518
2727
22774
6561
33686
27148
24467
37884
39936
33489
33730
6370
22886
24513
7628
13628
17161
24727
20981
26905
27388
28048
7675
4107
14187
24020
41750
27367
12262
47785
4759
15195
31626
39452
32080
33650
43007
13819
24255
44295
13170
30710
47368
33993
32300
44659
5514
49651
40442
15498
10379
6058
9944
14364
35807
2324
15230
24049
45338
13070
11815
18758
18716
42720
13056
7354
353
31774
19236
25683
37667
42477
6412
15885
30025
10414
47486
9504
38435
9896
46795
21333
20847
14169
29880
35775
6314
7658
29461
23601
20428
1548
34827
31745
25682
22252
27604
28487
45716
44806
40385
21863
39156
41914
19448
48940
25668
49215
46282
17554
47449
49356
33972
36983
9952
12379
2603
2906
24164
48585
43761
18784
29736
38051
2209
47934
45596
43155
13734
14149
44118
7622
36060
23130
45703
24059
16178
40392
18251
31736
18037
38459
14815
41644
20933
20011
33410
929
23758
25129
31059
17895
32066
24803
7428
10633
12746
49415
35421
17914
6449
47756
25046
29250
15687
20156
46659
31438
17288
19349
40302
23825
30109
36823
5969
124
37158
3135
6373
5155
36709
33732
25994
31703
2407
19370
10723
1419
7493
38892
11278
40749
39838
30949
9752
35346
18605
43181
8454
26168
14185
48089
44105
47800
2214
3306
49162
36692
45222
16428
49507
40515
14274
27995
10906
23566
20812
35761
11322
37246
29194
48112
7960
5805
27136
49181
31546
44442
26253
4521
41606
46017
39648
25381
6967
48914
14866
20028
15947
4047
3373
43549
18707
317
5342
48025
4909
4314
49102
43081
37214
49088
47801
13726
25068
15977
9868
42056
3520
22337
24844
28182
3797
34385
26713
49521
33421
20482
30647
41311
20405
32191
4870
33025
40067
47476
49834
8553
12118
10386
35631
44633
40687
47958
29512
47543
16501
42496
49031
25113
38463
2633
7075
11736
27379
38789
9451
2329
30736
23102
24772
12794
34815
44209
32983
47680
476
36304
9143
10839
44486
46258
4839
29574
8311
12088
29327
17576
20698
806
47367
36240
7373
32910
43383
39347
9224
36222
14481
17552
40819
26372
19184
44910
36285
4905
703
36194
26470
28922
43277
4628
32246
36346
32061
13416
12470
28596
37526
21461
23312
5116
42952
34626
41546
36273
30656
46261
15726
49983
25479
34243
40785
4518
25778
7654
10658
1069
6768
17241
44520
34433
27775
43309
12349
32166
46286
24419
19782
9692
2589
21487
37148
36265
26491
26179
25644
37205
49640
7145
14936
515
5070
