10868
25090
37128
26269
21392
39571
45758
5098
619
46667
14106
41213
26809
5200
19237
16443
15942
37172
5218
42971
21383
47526
2051
16189
21365
4053
31179
47251
44540
11481
48149
35531
7592
36655
37262
22577
14715
39485
49103
37928
9413
35878
23317
14264
5822
19082
18311
29832
16027
16902
10711
21309
17603
44328
40515
4310
3863
48248
36401
6805
45414
22882
33149
26876
28823
42513
2653
46581
5624
12996
42634
8182
16631
19730
30435
45510
18698
31183
42041
12455
23424
17350
42212
46089
28553
22272
12104
46149
42088
37230
8040
42237
20257
38213
39430
47567
16732
18730
17263
34180
41320
21898
34583
26068
11171
20577
20869
37097
34354
5129
30379
27043
12987
21635
20333
38791
1439
21111
43750
38584
12323
25170
30728
37432
36007
11168
38900
47077
42722
46872
13264
40910
25063
15816
41245
20384
26500
49206
26063
20740
839
29055
1975
30298
32905
29673
38646
10382
23564
1313
22327
30393
27696
1123
488
5397
42015
9519
14163
37093
9070
32882
48406
21393
286
32276
26657
48134
18053
44639
35121
8928
22461
21758
22128
16179
40198
22447
38602
30404
1173
48911
19396
5465
40238
28795
1690
17451
45659
9201
18442
21485
41301
33874
19172
32736
37629
35616
45547
33575
35784
17285
2975
45568
45798
46856
28660
1613
25610
26265
24632
16647
27343
14285
29170
21034
48316
38555
41874
35053
7908
26821
25103
6171
10464
37820
2394
21684
20687
1431
8432
90
34990
45299
10413
36956
33022
4719
45771
22262
17246
29148
19159
44274
32520
34286
8694
14966
47153
9061
10249
2409
33083
23181
4751
3471
44686
4614
21129
2073
26357
17388
21904
38458
11575
31093
41618
30774
49374
19792
25883
31110
16270
2687
4754
6516
20337
8670
17633
25605
43194
44982
28407
43280
2935
34605
20536
3162
4139
16174
34594
18064
9393
43408
33270
22229
5428
16412
4831
7049
29656
26664
11522
576
20196
11462
44931
9374
1875
46545
22994
7998
2349
2291
6287
43619
15642
22659
44657
572
38003
39294
33217
34032
21219
41795
16918
32552
28317
22617
24416
6524
18403
11215
19248
8139
1703
13722
28054
1430
22762
49523
49841
1689
42901
17294
8868
5240
22007
2069
25146
759
41040
22010
21534
30842
44
32517
12090
26062
2244
15178
25098
44048
8369
13629
45898
22686
27340
21023
40616
28916
5581
18509
40332
36676
3045
42312
39904
42132
2155
8816
6695
39707
6674
9905
16180
3811
30315
807
23034
15585
7135
107
7822
25455
16398
18288
1905
26149
18607
49339
46888
26667
37963
39342
24136
1966
26778
15197
37972
46431
34111
4599
14188
15745
40781
30976
4021
8198
1743
34748
46561
10616
16725
9134
45759
13089
31257
6264
30176
4281
38290
49532
17345
38653
10195
49842
24953
47211
41930
4499
33590
9003
33628
22142
40076
1031
28265
25636
19122
24618
39543
26563
22264
23449
23513
5009
8965
29122
37310
40519
3805
18364
24529
22333
15672
17667
19169
17065
11000
33500
16697
10471
19565
39427
45433
24116
17688
31098
36736
2454
9635
5976
3659
1421
4498
31345
14104
18515
6470
33138
38474
3478
20997
35726
33393
37566
3753
5975
