6171
22378
26731
32806
2717
46957
14829
28898
17735
15196
26572
3712
14524
37341
10794
20957
3674
41346
1089
17384
181
35928
40153
3103
21806
14282
7853
10432
24506
30420
10792
9436
41054
16553
47703
3747
9551
14162
2196
23813
16827
11834
15097
11426
30988
46249
22319
8901
29285
47281
10580
11599
3574
40441
18769
40812
28652
3250
8520
6413
29500
23523
79
18492
24022
19411
49403
3881
21197
29940
9828
3520
34976
33390
38282
38009
46368
40232
41349
30037
35453
9623
33614
30574
25639
33895
39908
21606
36600
22047
9276
14369
35855
9516
4387
42866
34259
24613
20709
27217
